solid csg.js
facet normal 0.5393894884641647 0.8399323436415119 -0.05977154707085869
outer loop
vertex 0 0 -63
vertex -3.4959193355030176 -0.003508420371131095 -94.59712388897728
vertex -3.5012462141147886 0 -94.5958929786379
endloop
endfacet
facet normal -0.5393894884641667 -0.8399323436415105 0.05977154707085891
outer loop
vertex -3.5012462141147886 0 -94.5958929786379
vertex -3.4959193355030176 -0.003508420371131095 -94.59712388897728
vertex 0 0 -63
endloop
endfacet
facet normal 0.1511184191693126 -0.9883761071836085 -0.016610061298615714
outer loop
vertex 0 0 -63
vertex -3.8795914531651827 -0.0637442410052287 -94.50346246395772
vertex -3.4959193355030176 -0.003508420371131095 -94.59712388897728
endloop
endfacet
facet normal -0.15111841916931248 0.9883761071836086 0.016610061298615704
outer loop
vertex -3.4959193355030176 -0.003508420371131095 -94.59712388897728
vertex -3.8795914531651827 -0.0637442410052287 -94.50346246395772
vertex 0 0 -63
endloop
endfacet
facet normal 0.4577869859648458 0.8871568340884869 -0.058170673120697174
outer loop
vertex 0 0 -63
vertex -3.669000596251058 -0.1758000973871814 -94.55512707378921
vertex -3.8795914531651827 -0.0637442410052287 -94.50346246395772
endloop
endfacet
facet normal -0.4577869859648458 -0.8871568340884869 0.058170673120697174
outer loop
vertex -3.8795914531651827 -0.0637442410052287 -94.50346246395772
vertex -3.669000596251058 -0.1758000973871814 -94.55512707378921
vertex 0 0 -63
endloop
endfacet
facet normal 0.3614322591942619 -0.9316705237306881 -0.036834185549800745
outer loop
vertex 0 0 -63
vertex -3.8974873317239322 -0.26675151096259503 -94.49664134674478
vertex -3.669000596251058 -0.1758000973871814 -94.55512707378921
endloop
endfacet
facet normal -0.36143225919426164 0.9316705237306883 0.03683418554980071
outer loop
vertex -3.669000596251058 -0.1758000973871814 -94.55512707378921
vertex -3.8974873317239322 -0.26675151096259503 -94.49664134674478
vertex 0 0 -63
endloop
endfacet
facet normal 0.7593952899035232 0.6429893991225961 -0.09941542278895439
outer loop
vertex 0 0 -63
vertex -3.8839879125146144 -0.2831857333839907 -94.49981626092747
vertex -3.8974873317239322 -0.26675151096259503 -94.49664134674478
endloop
endfacet
facet normal -0.7593952899035251 -0.6429893991225937 0.09941542278895442
outer loop
vertex -3.8974873317239322 -0.26675151096259503 -94.49664134674478
vertex -3.8839879125146144 -0.2831857333839907 -94.49981626092747
vertex 0 0 -63
endloop
endfacet
facet normal 0.23581757443520185 0.971061649267239 -0.03780667811230545
outer loop
vertex 0 0 -63
vertex -3.602096506204553 -0.3542992801122877 -94.56807643108552
vertex -3.8839879125146144 -0.2831857333839907 -94.49981626092747
endloop
endfacet
facet normal -0.23581757443520188 -0.971061649267239 0.03780667811230545
outer loop
vertex -3.8839879125146144 -0.2831857333839907 -94.49981626092747
vertex -3.602096506204553 -0.3542992801122877 -94.56807643108552
vertex 0 0 -63
endloop
endfacet
facet normal 0.3841048484652689 -0.9226825165182289 -0.033472960685619974
outer loop
vertex 0 0 -63
vertex -3.8662279028996593 -0.46673125778327446 -94.49981626092747
vertex -3.602096506204553 -0.3542992801122877 -94.56807643108552
endloop
endfacet
facet normal -0.3841048484652685 0.922682516518229 0.033472960685619925
outer loop
vertex -3.602096506204553 -0.3542992801122877 -94.56807643108552
vertex -3.8662279028996593 -0.46673125778327446 -94.49981626092747
vertex 0 0 -63
endloop
endfacet
facet normal 0.4819530813563345 -0.8749787186758137 -0.04618949269656266
outer loop
vertex 0 0 -63
vertex -3.901589997142402 -0.4867221117227154 -94.49010189829933
vertex -3.8662279028996593 -0.46673125778327446 -94.49981626092747
endloop
endfacet
facet normal -0.4819530813563348 0.8749787186758134 0.04618949269656251
outer loop
vertex -3.8662279028996593 -0.46673125778327446 -94.49981626092747
vertex -3.901589997142402 -0.4867221117227154 -94.49010189829933
vertex 0 0 -63
endloop
endfacet
facet normal 0.9226489423526811 -0.37003496503546135 -0.10859582785118338
outer loop
vertex 0 0 -63
vertex -3.986058945593695 -0.7063491854548106 -94.45939620117404
vertex -3.901589997142402 -0.4867221117227154 -94.49010189829933
endloop
endfacet
facet normal -0.9226489423526812 0.370034965035461 0.10859582785118338
outer loop
vertex -3.901589997142402 -0.4867221117227154 -94.49010189829933
vertex -3.986058945593695 -0.7063491854548106 -94.45939620117404
vertex 0 0 -63
endloop
endfacet
facet normal 0.20772383907667488 0.9769965091285501 -0.04825585798506633
outer loop
vertex 0 0 -63
vertex -3.822748552577677 -0.7430678084247286 -94.49981626092747
vertex -3.986058945593695 -0.7063491854548106 -94.45939620117404
endloop
endfacet
facet normal -0.20772383907667555 -0.9769965091285499 0.04825585798506641
outer loop
vertex -3.986058945593695 -0.7063491854548106 -94.45939620117404
vertex -3.822748552577677 -0.7430678084247286 -94.49981626092747
vertex 0 0 -63
endloop
endfacet
facet normal 0.17369854094139356 0.9838025528876192 -0.044287174290468447
outer loop
vertex 0 0 -63
vertex -3.739271060593643 -0.7587111022749999 -94.51991223409924
vertex -3.822748552577677 -0.7430678084247286 -94.49981626092747
endloop
endfacet
facet normal -0.17369854094139392 -0.9838025528876191 0.04428717429046835
outer loop
vertex -3.822748552577677 -0.7430678084247286 -94.49981626092747
vertex -3.739271060593643 -0.7587111022749999 -94.51991223409924
vertex 0 0 -63
endloop
endfacet
facet normal 0.19236861560183655 0.9802244021976105 -0.046415913949527585
outer loop
vertex 0 0 -63
vertex -3.5037528606571806 -0.807481759499213 -94.57377044863948
vertex -3.739271060593643 -0.7587111022749999 -94.51991223409924
endloop
endfacet
facet normal -0.19236861560183627 -0.9802244021976105 0.04641591394952755
outer loop
vertex -3.739271060593643 -0.7587111022749999 -94.51991223409924
vertex -3.5037528606571806 -0.807481759499213 -94.57377044863948
vertex 0 0 -63
endloop
endfacet
facet normal 0.5113140762006672 0.8557895195130464 -0.07862705495367044
outer loop
vertex 0 0 -63
vertex -3.2976023021189813 -0.934237496604524 -94.61279707830879
vertex -3.5037528606571806 -0.807481759499213 -94.57377044863948
endloop
endfacet
facet normal -0.511314076200667 -0.8557895195130465 0.07862705495367042
outer loop
vertex -3.5037528606571806 -0.807481759499213 -94.57377044863948
vertex -3.2976023021189813 -0.934237496604524 -94.61279707830879
vertex 0 0 -63
endloop
endfacet
facet normal 0.2536630093029486 0.9657277542019554 -0.054999840685403534
outer loop
vertex 0 0 -63
vertex -3.06141695003406 -0.9988647312031231 -94.6582667912186
vertex -3.2976023021189813 -0.934237496604524 -94.61279707830879
endloop
endfacet
facet normal -0.2536630093029485 -0.9657277542019554 0.054999840685403596
outer loop
vertex -3.2976023021189813 -0.934237496604524 -94.61279707830879
vertex -3.06141695003406 -0.9988647312031231 -94.6582667912186
vertex 0 0 -63
endloop
endfacet
facet normal 0.5451869340791345 0.8345788491211189 -0.07905283998100421
outer loop
vertex 0 0 -63
vertex -2.8430673086158214 -1.1445557353273945 -94.69051432322199
vertex -3.06141695003406 -0.9988647312031231 -94.6582667912186
endloop
endfacet
facet normal -0.5451869340791347 -0.8345788491211188 0.0790528399810042
outer loop
vertex -3.06141695003406 -0.9988647312031231 -94.6582667912186
vertex -2.8430673086158214 -1.1445557353273945 -94.69051432322199
vertex 0 0 -63
endloop
endfacet
facet normal 0.8966143522086919 -0.4380723506149083 -0.0646167086759809
outer loop
vertex 0 0 -63
vertex -2.946583157501431 -1.3619960661398303 -94.65274079535905
vertex -2.8430673086158214 -1.1445557353273945 -94.69051432322199
endloop
endfacet
facet normal -0.8966143522086915 0.4380723506149093 0.06461670867598089
outer loop
vertex -2.8430673086158214 -1.1445557353273945 -94.69051432322199
vertex -2.946583157501431 -1.3619960661398303 -94.65274079535905
vertex 0 0 -63
endloop
endfacet
facet normal 0.554379999450437 0.8276805476665126 -0.08722228627934027
outer loop
vertex 0 0 -63
vertex -2.72433476544996 -1.5137244695704273 -94.67994238208482
vertex -2.946583157501431 -1.3619960661398303 -94.65274079535905
endloop
endfacet
facet normal -0.5543799994504374 -0.8276805476665124 0.08722228627934031
outer loop
vertex -2.946583157501431 -1.3619960661398303 -94.65274079535905
vertex -2.72433476544996 -1.5137244695704273 -94.67994238208482
vertex 0 0 -63
endloop
endfacet
facet normal 0.012174750025425698 0.9987359119206406 -0.04876836784089691
outer loop
vertex 0 0 -63
vertex -2.4815028318855994 -1.5186972864213277 -94.72115993296984
vertex -2.72433476544996 -1.5137244695704273 -94.67994238208482
endloop
endfacet
facet normal -0.012174750025425068 -0.9987359119206406 0.04876836784089706
outer loop
vertex -2.72433476544996 -1.5137244695704273 -94.67994238208482
vertex -2.4815028318855994 -1.5186972864213277 -94.72115993296984
vertex 0 0 -63
endloop
endfacet
facet normal 0.9246130415915055 -0.3770203142203952 -0.054280806774213125
outer loop
vertex 0 0 -63
vertex -2.569698327106187 -1.740541450897645 -94.68260023512025
vertex -2.4815028318855994 -1.5186972864213277 -94.72115993296984
endloop
endfacet
facet normal -0.9246130415915054 0.37702031422039556 0.05428080677421311
outer loop
vertex -2.4815028318855994 -1.5186972864213277 -94.72115993296984
vertex -2.569698327106187 -1.740541450897645 -94.68260023512025
vertex 0 0 -63
endloop
endfacet
facet normal 0.965907737011813 -0.2507050580377792 -0.06456947773516473
outer loop
vertex 0 0 -63
vertex -2.6272237783667056 -1.9720219704285857 -94.64436144610424
vertex -2.569698327106187 -1.740541450897645 -94.68260023512025
endloop
endfacet
facet normal -0.9659077370118132 0.2507050580377788 0.06456947773516483
outer loop
vertex -2.569698327106187 -1.740541450897645 -94.68260023512025
vertex -2.6272237783667056 -1.9720219704285857 -94.64436144610424
vertex 0 0 -63
endloop
endfacet
facet normal 0.6337457181189136 -0.7735288681766337 -0.004410766749480346
outer loop
vertex 0 0 -63
vertex -2.867497365774571 -2.1692786261251036 -94.57377044863948
vertex -2.6272237783667056 -1.9720219704285857 -94.64436144610424
endloop
endfacet
facet normal -0.6337457181189138 0.7735288681766337 0.00441076674948037
outer loop
vertex -2.6272237783667056 -1.9720219704285857 -94.64436144610424
vertex -2.867497365774571 -2.1692786261251036 -94.57377044863948
vertex 0 0 -63
endloop
endfacet
facet normal -0.7469139473801994 -0.6552735297002998 0.11285458113447963
outer loop
vertex 0 0 -63
vertex -3.031340739098911 -1.9814580486714342 -94.56759478426115
vertex -2.867497365774571 -2.1692786261251036 -94.57377044863948
endloop
endfacet
facet normal 0.7469139473801993 0.6552735297002998 -0.1128545811344797
outer loop
vertex -2.867497365774571 -2.1692786261251036 -94.57377044863948
vertex -3.031340739098911 -1.9814580486714342 -94.56759478426115
vertex 0 0 -63
endloop
endfacet
facet normal -0.3573032695342102 -0.9293820138474739 0.09264688832862827
outer loop
vertex 0 0 -63
vertex -3.2727124246555186 -1.8848789415248182 -94.52964431731527
vertex -3.031340739098911 -1.9814580486714342 -94.56759478426115
endloop
endfacet
facet normal 0.35730326953421104 0.9293820138474737 -0.09264688832862841
outer loop
vertex -3.031340739098911 -1.9814580486714342 -94.56759478426115
vertex -3.2727124246555186 -1.8848789415248182 -94.52964431731527
vertex 0 0 -63
endloop
endfacet
facet normal 0.29851330964653205 -0.95404991789451 0.026049148342169887
outer loop
vertex 0 0 -63
vertex -3.5259841008132122 -1.9623015513948823 -94.46285012976682
vertex -3.2727124246555186 -1.8848789415248182 -94.52964431731527
endloop
endfacet
facet normal -0.2985133096465317 0.95404991789451 -0.026049148342169887
outer loop
vertex -3.2727124246555186 -1.8848789415248182 -94.52964431731527
vertex -3.5259841008132122 -1.9623015513948823 -94.46285012976682
vertex 0 0 -63
endloop
endfacet
facet normal -0.41761742234292965 -0.9027541057032433 0.1031053499658704
outer loop
vertex 0 0 -63
vertex -3.741262683567814 -1.8583021172016907 -94.42423109210854
vertex -3.5259841008132122 -1.9623015513948823 -94.46285012976682
endloop
endfacet
facet normal 0.41761742234292976 0.9027541057032432 -0.10310534996587044
outer loop
vertex -3.5259841008132122 -1.9623015513948823 -94.46285012976682
vertex -3.741262683567814 -1.8583021172016907 -94.42423109210854
vertex 0 0 -63
endloop
endfacet
facet normal 0.484360397797625 -0.8748484581062825 -0.0059313062968018165
outer loop
vertex 0 0 -63
vertex -4.001070988515024 -2.002721869515628 -94.33916657658112
vertex -3.741262683567814 -1.8583021172016907 -94.42423109210854
endloop
endfacet
facet normal -0.48436039779762513 0.8748484581062824 0.005931306296801778
outer loop
vertex -3.741262683567814 -1.8583021172016907 -94.42423109210854
vertex -4.001070988515024 -2.002721869515628 -94.33916657658112
vertex 0 0 -63
endloop
endfacet
facet normal 0.541847234132284 -0.8403344931316332 -0.015476256536865882
outer loop
vertex 0 0 -63
vertex -4.229433780049177 -2.151494411993182 -94.25639771705622
vertex -4.001070988515024 -2.002721869515628 -94.33916657658112
endloop
endfacet
facet normal -0.5418472341322849 0.8403344931316328 0.015476256536865844
outer loop
vertex -4.001070988515024 -2.002721869515628 -94.33916657658112
vertex -4.229433780049177 -2.151494411993182 -94.25639771705622
vertex 0 0 -63
endloop
endfacet
facet normal 0.561333847289439 -0.8273712028446963 -0.01900538319943099
outer loop
vertex 0 0 -63
vertex -4.432928822936865 -2.2913731003581943 -94.17731784265156
vertex -4.229433780049177 -2.151494411993182 -94.25639771705622
endloop
endfacet
facet normal -0.561333847289439 0.8273712028446962 0.01900538319943114
outer loop
vertex -4.229433780049177 -2.151494411993182 -94.25639771705622
vertex -4.432928822936865 -2.2913731003581943 -94.17731784265156
vertex 0 0 -63
endloop
endfacet
facet normal 0.4023290059256642 -0.9154397091561071 0.010075211712371801
outer loop
vertex 0 0 -63
vertex -4.681387137719527 -2.3995558736716296 -94.08529195880998
vertex -4.432928822936865 -2.2913731003581943 -94.17731784265156
endloop
endfacet
facet normal -0.40232900592566423 0.915439709156107 -0.010075211712371713
outer loop
vertex -4.432928822936865 -2.2913731003581943 -94.17731784265156
vertex -4.681387137719527 -2.3995558736716296 -94.08529195880998
vertex 0 0 -63
endloop
endfacet
facet normal -0.22058263047428311 -0.9693653102022474 0.10804720500571276
outer loop
vertex 0 0 -63
vertex -4.911722020226324 -2.3400044418069803 -94.02125311626182
vertex -4.681387137719527 -2.3995558736716296 -94.08529195880998
endloop
endfacet
facet normal 0.2205826304742843 0.9693653102022471 -0.1080472050057128
outer loop
vertex -4.681387137719527 -2.3995558736716296 -94.08529195880998
vertex -4.911722020226324 -2.3400044418069803 -94.02125311626182
vertex 0 0 -63
endloop
endfacet
facet normal 0.14557571567372463 -0.9880069447099683 0.051478036199495196
outer loop
vertex 0 0 -63
vertex -5.152724622607338 -2.371058595733245 -93.9357330206128
vertex -4.911722020226324 -2.3400044418069803 -94.02125311626182
endloop
endfacet
facet normal -0.1455757156737247 0.9880069447099683 -0.0514780361994952
outer loop
vertex -4.911722020226324 -2.3400044418069803 -94.02125311626182
vertex -5.152724622607338 -2.371058595733245 -93.9357330206128
vertex 0 0 -63
endloop
endfacet
facet normal -0.19587496736908727 -0.9747371238983786 0.10733376194131945
outer loop
vertex 0 0 -63
vertex -5.403821581300736 -2.3119011760601365 -93.85673341819968
vertex -5.152724622607338 -2.371058595733245 -93.9357330206128
endloop
endfacet
facet normal 0.19587496736908805 0.9747371238983785 -0.10733376194131915
outer loop
vertex -5.152724622607338 -2.371058595733245 -93.9357330206128
vertex -5.403821581300736 -2.3119011760601365 -93.85673341819968
vertex 0 0 -63
endloop
endfacet
facet normal 0.8164320750625281 0.5473455589415491 -0.183987787410082
outer loop
vertex 0 0 -63
vertex -5.266243687414862 -2.522168286964041 -93.87176574178854
vertex -5.403821581300736 -2.3119011760601365 -93.85673341819968
endloop
endfacet
facet normal -0.8164320750625285 -0.5473455589415486 0.1839877874100819
outer loop
vertex -5.403821581300736 -2.3119011760601365 -93.85673341819968
vertex -5.266243687414862 -2.522168286964041 -93.87176574178854
vertex 0 0 -63
endloop
endfacet
facet normal 0.9848477630508841 0.031361225853981545 -0.17056188650048804
outer loop
vertex 0 0 -63
vertex -5.251036807324345 -2.7805552795725976 -93.83146876133047
vertex -5.266243687414862 -2.522168286964041 -93.87176574178854
endloop
endfacet
facet normal -0.9848477630508842 -0.0313612258539798 0.170561886500488
outer loop
vertex -5.266243687414862 -2.522168286964041 -93.87176574178854
vertex -5.251036807324345 -2.7805552795725976 -93.83146876133047
vertex 0 0 -63
endloop
endfacet
facet normal 0.06192196742930924 0.9930481794930921 -0.10010486079676241
outer loop
vertex 0 0 -63
vertex -4.988715513155707 -2.8054595142495145 -93.91625639508273
vertex -5.251036807324345 -2.7805552795725976 -93.83146876133047
endloop
endfacet
facet normal -0.06192196742930866 -0.9930481794930921 0.10010486079676233
outer loop
vertex -5.251036807324345 -2.7805552795725976 -93.83146876133047
vertex -4.988715513155707 -2.8054595142495145 -93.91625639508273
vertex 0 0 -63
endloop
endfacet
facet normal 0.9408644640819687 -0.3155952166517856 -0.12318165226307837
outer loop
vertex 0 0 -63
vertex -5.063943792548017 -3.0588663852034106 -93.84161555858984
vertex -4.988715513155707 -2.8054595142495145 -93.91625639508273
endloop
endfacet
facet normal -0.9408644640819684 0.3155952166517866 0.12318165226307846
outer loop
vertex -4.988715513155707 -2.8054595142495145 -93.91625639508273
vertex -5.063943792548017 -3.0588663852034106 -93.84161555858984
vertex 0 0 -63
endloop
endfacet
facet normal 0.9036338499646469 -0.4146622157103121 -0.10724323783010434
outer loop
vertex 0 0 -63
vertex -5.179010924411447 -3.3349908234366077 -93.74352251130543
vertex -5.063943792548017 -3.0588663852034106 -93.84161555858984
endloop
endfacet
facet normal -0.9036338499646472 0.41466221571031175 0.10724323783010456
outer loop
vertex -5.063943792548017 -3.0588663852034106 -93.84161555858984
vertex -5.179010924411447 -3.3349908234366077 -93.74352251130543
vertex 0 0 -63
endloop
endfacet
facet normal 0.802463060925001 -0.5924732757257183 -0.07091158862777844
outer loop
vertex 0 0 -63
vertex -5.3132924688961864 -3.5277709521599174 -93.65240771227761
vertex -5.179010924411447 -3.3349908234366077 -93.74352251130543
endloop
endfacet
facet normal -0.8024630609250023 0.5924732757257164 0.0709115886277787
outer loop
vertex -5.179010924411447 -3.3349908234366077 -93.74352251130543
vertex -5.3132924688961864 -3.5277709521599174 -93.65240771227761
vertex 0 0 -63
endloop
endfacet
facet normal 0.43251397757833465 -0.9011689602400471 0.028743073935128326
outer loop
vertex 0 0 -63
vertex -5.559809485542211 -3.6423567745522862 -93.53547975271697
vertex -5.3132924688961864 -3.5277709521599174 -93.65240771227761
endloop
endfacet
facet normal -0.43251397757833504 0.9011689602400468 -0.028743073935128254
outer loop
vertex -5.3132924688961864 -3.5277709521599174 -93.65240771227761
vertex -5.559809485542211 -3.6423567745522862 -93.53547975271697
vertex 0 0 -63
endloop
endfacet
facet normal -0.08780036812015543 -0.9871203626327963 0.13373288688150622
outer loop
vertex 0 0 -63
vertex -5.792530972593041 -3.610732499484527 -93.45484189398363
vertex -5.559809485542211 -3.6423567745522862 -93.53547975271697
endloop
endfacet
facet normal 0.08780036812015646 0.9871203626327963 -0.13373288688150614
outer loop
vertex -5.559809485542211 -3.6423567745522862 -93.53547975271697
vertex -5.792530972593041 -3.610732499484527 -93.45484189398363
vertex 0 0 -63
endloop
endfacet
facet normal -0.15053339523645654 -0.9779755441018231 0.14458053830764234
outer loop
vertex 0 0 -63
vertex -6.048375118056605 -3.558230666705425 -93.36608568404907
vertex -5.792530972593041 -3.610732499484527 -93.45484189398363
endloop
endfacet
facet normal 0.1505333952364581 0.9779755441018229 -0.14458053830764228
outer loop
vertex -5.792530972593041 -3.610732499484527 -93.45484189398363
vertex -6.048375118056605 -3.558230666705425 -93.36608568404907
vertex 0 0 -63
endloop
endfacet
facet normal -0.7576795676687337 -0.6134198798578092 0.22279525069568185
outer loop
vertex 0 0 -63
vertex -6.205879213051915 -3.357128050245315 -93.34803005578325
vertex -6.048375118056605 -3.558230666705425 -93.36608568404907
endloop
endfacet
facet normal 0.7576795676687351 0.6134198798578074 -0.22279525069568196
outer loop
vertex -6.048375118056605 -3.558230666705425 -93.36608568404907
vertex -6.205879213051915 -3.357128050245315 -93.34803005578325
vertex 0 0 -63
endloop
endfacet
facet normal -0.6089516105301679 -0.7651327800034287 0.20916444486800148
outer loop
vertex 0 0 -63
vertex -6.388265821717126 -3.200355043512663 -93.30553933805805
vertex -6.205879213051915 -3.357128050245315 -93.34803005578325
endloop
endfacet
facet normal 0.6089516105301681 0.7651327800034285 -0.20916444486800198
outer loop
vertex -6.205879213051915 -3.357128050245315 -93.34803005578325
vertex -6.388265821717126 -3.200355043512663 -93.30553933805805
vertex 0 0 -63
endloop
endfacet
facet normal -0.7252095197505533 -0.6518561174797057 0.22170871558749333
outer loop
vertex 0 0 -63
vertex -6.550884040788737 -3.009001686283823 -93.27485684577867
vertex -6.388265821717126 -3.200355043512663 -93.30553933805805
endloop
endfacet
facet normal 0.7252095197505545 0.6518561174797043 -0.22170871558749364
outer loop
vertex -6.388265821717126 -3.200355043512663 -93.30553933805805
vertex -6.550884040788737 -3.009001686283823 -93.27485684577867
vertex 0 0 -63
endloop
endfacet
facet normal 0.12831801196079076 -0.9892203099949491 0.07055257684824201
outer loop
vertex 0 0 -63
vertex -6.805717652035263 -3.033564551783762 -93.15577321585256
vertex -6.550884040788737 -3.009001686283823 -93.27485684577867
endloop
endfacet
facet normal -0.1283180119607905 0.9892203099949491 -0.0705525768482421
outer loop
vertex -6.550884040788737 -3.009001686283823 -93.27485684577867
vertex -6.805717652035263 -3.033564551783762 -93.15577321585256
vertex 0 0 -63
endloop
endfacet
facet normal -0.22571627955676082 -0.9629150183918026 0.14780672683801863
outer loop
vertex 0 0 -63
vertex -7.06037590549974 -2.9580098181187684 -93.05244724041893
vertex -6.805717652035263 -3.033564551783762 -93.15577321585256
endloop
endfacet
facet normal 0.22571627955675977 0.9629150183918029 -0.1478067268380183
outer loop
vertex -6.805717652035263 -3.033564551783762 -93.15577321585256
vertex -7.06037590549974 -2.9580098181187684 -93.05244724041893
vertex 0 0 -63
endloop
endfacet
facet normal 0.0019454639872208167 -0.9952334247900912 0.09750202741717917
outer loop
vertex 0 0 -63
vertex -7.312570368857054 -2.9467873687401434 -92.93286416830523
vertex -7.06037590549974 -2.9580098181187684 -93.05244724041893
endloop
endfacet
facet normal -0.001945463987220159 0.9952334247900912 -0.0975020274171796
outer loop
vertex -7.06037590549974 -2.9580098181187684 -93.05244724041893
vertex -7.312570368857054 -2.9467873687401434 -92.93286416830523
vertex 0 0 -63
endloop
endfacet
facet normal 0.3213858630504584 -0.9468342446156243 0.014698307877849735
outer loop
vertex 0 0 -63
vertex -8.012481138960519 -3.1780071570028556 -92.52365969401558
vertex -7.312570368857054 -2.9467873687401434 -92.93286416830523
endloop
endfacet
facet normal -0.32138586305045813 0.9468342446156244 -0.014698307877849702
outer loop
vertex -7.312570368857054 -2.9467873687401434 -92.93286416830523
vertex -8.012481138960519 -3.1780071570028556 -92.52365969401558
vertex 0 0 -63
endloop
endfacet
facet normal 0.3809112025909349 0.9026031378060024 -0.20053486321207709
outer loop
vertex 0 0 -63
vertex -7.926358566884767 -3.222513500944874 -92.56039402078922
vertex -8.012481138960519 -3.1780071570028556 -92.52365969401558
endloop
endfacet
facet normal -0.38091120259093825 -0.9026031378060007 0.2005348632120784
outer loop
vertex -8.012481138960519 -3.1780071570028556 -92.52365969401558
vertex -7.926358566884767 -3.222513500944874 -92.56039402078922
vertex 0 0 -63
endloop
endfacet
facet normal 0.11805701944725883 0.9832520920789575 -0.13884474632330382
outer loop
vertex 0 0 -63
vertex -7.68813939139692 -3.2674489225255052 -92.67605847241299
vertex -7.926358566884767 -3.222513500944874 -92.56039402078922
endloop
endfacet
facet normal -0.1180570194472586 -0.9832520920789577 0.13884474632330407
outer loop
vertex -7.926358566884767 -3.222513500944874 -92.56039402078922
vertex -7.68813939139692 -3.2674489225255052 -92.67605847241299
vertex 0 0 -63
endloop
endfacet
facet normal 0.9584246809104582 0.11533737292607123 -0.26099697589857
outer loop
vertex 0 0 -63
vertex -7.648786355456919 -3.5132984950262527 -92.64019109481526
vertex -7.68813939139692 -3.2674489225255052 -92.67605847241299
endloop
endfacet
facet normal -0.958424680910458 -0.11533737292607316 0.2609969758985703
outer loop
vertex -7.68813939139692 -3.2674489225255052 -92.67605847241299
vertex -7.648786355456919 -3.5132984950262527 -92.64019109481526
vertex 0 0 -63
endloop
endfacet
facet normal 0.9670474941748045 0.028787698327884914 -0.2529632630150357
outer loop
vertex 0 0 -63
vertex -7.6281091031767705 -3.76295351829341 -92.58955571260437
vertex -7.648786355456919 -3.5132984950262527 -92.64019109481526
endloop
endfacet
facet normal -0.9670474941748045 -0.02878769832788346 0.2529632630150357
outer loop
vertex -7.648786355456919 -3.5132984950262527 -92.64019109481526
vertex -7.6281091031767705 -3.76295351829341 -92.58955571260437
vertex 0 0 -63
endloop
endfacet
facet normal -0.10893595993240371 0.989234008983739 -0.09771914911400616
outer loop
vertex 0 0 -63
vertex -7.324984384127174 -3.7451181758393286 -92.74692358851084
vertex -7.6281091031767705 -3.76295351829341 -92.58955571260437
endloop
endfacet
facet normal 0.10893595993240361 -0.989234008983739 0.09771914911400646
outer loop
vertex -7.6281091031767705 -3.76295351829341 -92.58955571260437
vertex -7.324984384127174 -3.7451181758393286 -92.74692358851084
vertex 0 0 -63
endloop
endfacet
facet normal 0.9516916077468242 0.16993734866024512 -0.25574280297711455
outer loop
vertex 0 0 -63
vertex -7.274115783104813 -3.9768897017541365 -92.71163586202609
vertex -7.324984384127174 -3.7451181758393286 -92.74692358851084
endloop
endfacet
facet normal -0.951691607746824 -0.16993734866024612 0.2557428029771144
outer loop
vertex -7.324984384127174 -3.7451181758393286 -92.74692358851084
vertex -7.274115783104813 -3.9768897017541365 -92.71163586202609
vertex 0 0 -63
endloop
endfacet
facet normal 0.9612231241541962 -0.17676462489590272 -0.21167043481945608
outer loop
vertex 0 0 -63
vertex -7.300516020485073 -4.214623671640883 -92.63299267610748
vertex -7.274115783104813 -3.9768897017541365 -92.71163586202609
endloop
endfacet
facet normal -0.9612231241541959 0.17676462489590483 0.21167043481945577
outer loop
vertex -7.274115783104813 -3.9768897017541365 -92.71163586202609
vertex -7.300516020485073 -4.214623671640883 -92.63299267610748
vertex 0 0 -63
endloop
endfacet
facet normal 0.9373429182254989 -0.29247645668616484 -0.1893298073120333
outer loop
vertex 0 0 -63
vertex -7.358139108042147 -4.465294436906816 -92.53103987508833
vertex -7.300516020485073 -4.214623671640883 -92.63299267610748
endloop
endfacet
facet normal -0.937342918225499 0.29247645668616473 0.18932980731203342
outer loop
vertex -7.300516020485073 -4.214623671640883 -92.63299267610748
vertex -7.358139108042147 -4.465294436906816 -92.53103987508833
vertex 0 0 -63
endloop
endfacet
facet normal 0.9025007659221692 -0.3979527812762188 -0.16469957918713699
outer loop
vertex 0 0 -63
vertex -7.449751454175884 -4.725479582391237 -92.40437780441627
vertex -7.358139108042147 -4.465294436906816 -92.53103987508833
endloop
endfacet
facet normal -0.9025007659221698 0.3979527812762172 0.1646995791871374
outer loop
vertex -7.358139108042147 -4.465294436906816 -92.53103987508833
vertex -7.449751454175884 -4.725479582391237 -92.40437780441627
vertex 0 0 -63
endloop
endfacet
facet normal 0.9267396396831743 0.2551287161073557 -0.2757951748260154
outer loop
vertex 0 0 -63
vertex -7.37526083762957 -4.95514570216994 -92.36652730586424
vertex -7.449751454175884 -4.725479582391237 -92.40437780441627
endloop
endfacet
facet normal -0.9267396396831747 -0.2551287161073559 0.2757951748260145
outer loop
vertex -7.449751454175884 -4.725479582391237 -92.40437780441627
vertex -7.37526083762957 -4.95514570216994 -92.36652730586424
vertex 0 0 -63
endloop
endfacet
facet normal 0.5393409815254163 -0.8420613536828485 0.006631913827038246
outer loop
vertex 0 0 -63
vertex -7.577866428263596 -5.083762529460262 -92.22022890001722
vertex -7.37526083762957 -4.95514570216994 -92.36652730586424
endloop
endfacet
facet normal -0.5393409815254171 0.8420613536828478 -0.006631913827038462
outer loop
vertex -7.37526083762957 -4.95514570216994 -92.36652730586424
vertex -7.577866428263596 -5.083762529460262 -92.22022890001722
vertex 0 0 -63
endloop
endfacet
facet normal 0.38152123536373633 -0.9223104553003038 0.0615221180574522
outer loop
vertex 0 0 -63
vertex -7.808698849333798 -5.169231141494271 -92.0700572826957
vertex -7.577866428263596 -5.083762529460262 -92.22022890001722
endloop
endfacet
facet normal -0.381521235363734 0.9223104553003046 -0.06152211805745196
outer loop
vertex -7.577866428263596 -5.083762529460262 -92.22022890001722
vertex -7.808698849333798 -5.169231141494271 -92.0700572826957
vertex 0 0 -63
endloop
endfacet
facet normal 0.6897645785615198 -0.7217918135802206 -0.05693332952168707
outer loop
vertex 0 0 -63
vertex -7.970359358574659 -5.335225040375132 -91.92417886034309
vertex -7.808698849333798 -5.169231141494271 -92.0700572826957
endloop
endfacet
facet normal -0.6897645785615192 0.7217918135802214 0.05693332952168726
outer loop
vertex -7.808698849333798 -5.169231141494271 -92.0700572826957
vertex -7.970359358574659 -5.335225040375132 -91.92417886034309
vertex 0 0 -63
endloop
endfacet
facet normal 0.9618061854321899 0.03497726072411872 -0.27148748202563033
outer loop
vertex 0 0 -63
vertex -7.940547122617142 -5.5787174671877064 -91.84993273047317
vertex -7.970359358574659 -5.335225040375132 -91.92417886034309
endloop
endfacet
facet normal -0.9618061854321901 -0.03497726072411801 0.2714874820256297
outer loop
vertex -7.970359358574659 -5.335225040375132 -91.92417886034309
vertex -7.940547122617142 -5.5787174671877064 -91.84993273047317
vertex 0 0 -63
endloop
endfacet
facet normal -0.2512867299963756 0.9608592395695255 -0.11663833444284975
outer loop
vertex 0 0 -63
vertex -7.709251719141256 -5.535164234128629 -91.9894489476966
vertex -7.940547122617142 -5.5787174671877064 -91.84993273047317
endloop
endfacet
facet normal 0.25128672999637247 -0.9608592395695262 0.11663833444284974
outer loop
vertex -7.940547122617142 -5.5787174671877064 -91.84993273047317
vertex -7.709251719141256 -5.535164234128629 -91.9894489476966
vertex 0 0 -63
endloop
endfacet
facet normal 0.9577916352963536 0.09213085630466758 -0.2722996303209123
outer loop
vertex 0 0 -63
vertex -7.659131717967014 -5.814787191172179 -91.90776460833612
vertex -7.709251719141256 -5.535164234128629 -91.9894489476966
endloop
endfacet
facet normal -0.9577916352963531 -0.09213085630466863 0.27229963032091314
outer loop
vertex -7.709251719141256 -5.535164234128629 -91.9894489476966
vertex -7.659131717967014 -5.814787191172179 -91.90776460833612
vertex 0 0 -63
endloop
endfacet
facet normal 0.9644366724020262 -0.1320448875768849 -0.22896736140968812
outer loop
vertex 0 0 -63
vertex -7.668405920500925 -6.069460628825215 -91.79995909290915
vertex -7.659131717967014 -5.814787191172179 -91.90776460833612
endloop
endfacet
facet normal -0.9644366724020264 0.13204488757688285 0.22896736140968832
outer loop
vertex -7.659131717967014 -5.814787191172179 -91.90776460833612
vertex -7.668405920500925 -6.069460628825215 -91.79995909290915
vertex 0 0 -63
endloop
endfacet
facet normal 0.7712778825746903 0.5495250761077486 -0.32117381365839165
outer loop
vertex 0 0 -63
vertex -7.52422129458614 -6.266941129800902 -91.79159625156687
vertex -7.668405920500925 -6.069460628825215 -91.79995909290915
endloop
endfacet
facet normal -0.7712778825746901 -0.5495250761077485 0.3211738136583925
outer loop
vertex -7.668405920500925 -6.069460628825215 -91.79995909290915
vertex -7.52422129458614 -6.266941129800902 -91.79159625156687
vertex 0 0 -63
endloop
endfacet
facet normal 0.8816812715869864 0.3572961645549809 -0.3081843379003137
outer loop
vertex 0 0 -63
vertex -7.421598662580824 -6.4839531010971205 -91.7495989594216
vertex -7.52422129458614 -6.266941129800902 -91.79159625156687
endloop
endfacet
facet normal -0.8816812715869861 -0.35729616455498114 0.30818433790031435
outer loop
vertex -7.52422129458614 -6.266941129800902 -91.79159625156687
vertex -7.421598662580824 -6.4839531010971205 -91.7495989594216
vertex 0 0 -63
endloop
endfacet
facet normal 0.9634719720574305 0.05722776564188707 -0.2616232824108039
outer loop
vertex 0 0 -63
vertex -7.377605409789062 -6.758861134104797 -91.64772005440652
vertex -7.421598662580824 -6.4839531010971205 -91.7495989594216
endloop
endfacet
facet normal -0.9634719720574305 -0.0572277656418864 0.2616232824108036
outer loop
vertex -7.421598662580824 -6.4839531010971205 -91.7495989594216
vertex -7.377605409789062 -6.758861134104797 -91.64772005440652
vertex 0 0 -63
endloop
endfacet
facet normal 0.9673891188427314 0.015610797129216288 -0.2528133615093833
outer loop
vertex 0 0 -63
vertex -7.349092018402446 -6.991380143428912 -91.55297135385344
vertex -7.377605409789062 -6.758861134104797 -91.64772005440652
endloop
endfacet
facet normal -0.9673891188427315 -0.015610797129217193 0.25281336150938283
outer loop
vertex -7.377605409789062 -6.758861134104797 -91.64772005440652
vertex -7.349092018402446 -6.991380143428912 -91.55297135385344
vertex 0 0 -63
endloop
endfacet
facet normal 0.9581238950769827 0.09544967769653732 -0.26997770409820504
outer loop
vertex 0 0 -63
vertex -7.297006679347011 -7.2425530307450305 -91.45692699019615
vertex -7.349092018402446 -6.991380143428912 -91.55297135385344
endloop
endfacet
facet normal -0.9581238950769827 -0.09544967769653664 0.26997770409820515
outer loop
vertex -7.349092018402446 -6.991380143428912 -91.55297135385344
vertex -7.297006679347011 -7.2425530307450305 -91.45692699019615
vertex 0 0 -63
endloop
endfacet
facet normal 0.419299106583071 0.8482871493964862 -0.32341485956495825
outer loop
vertex 0 0 -63
vertex -7.171035987512408 -7.314849727102296 -91.48323672727265
vertex -7.297006679347011 -7.2425530307450305 -91.45692699019615
endloop
endfacet
facet normal -0.41929910658306996 -0.8482871493964879 0.3234148595649559
outer loop
vertex -7.297006679347011 -7.2425530307450305 -91.45692699019615
vertex -7.171035987512408 -7.314849727102296 -91.48323672727265
vertex 0 0 -63
endloop
endfacet
facet normal 0.27809716198566337 0.9111732327488319 -0.30401530951181144
outer loop
vertex 0 0 -63
vertex -7.048376880641247 -7.363948391891028 -91.5181897025807
vertex -7.171035987512408 -7.314849727102296 -91.48323672727265
endloop
endfacet
facet normal -0.2780971619856631 -0.9111732327488323 0.30401530951181077
outer loop
vertex -7.171035987512408 -7.314849727102296 -91.48323672727265
vertex -7.048376880641247 -7.363948391891028 -91.5181897025807
vertex 0 0 -63
endloop
endfacet
facet normal 0.8628604728136674 0.3950635645312382 -0.3152722386060122
outer loop
vertex 0 0 -63
vertex -6.913617837355074 -7.609386918838775 -91.45692699019615
vertex -7.048376880641247 -7.363948391891028 -91.5181897025807
endloop
endfacet
facet normal -0.862860472813668 -0.3950635645312366 0.3152722386060131
outer loop
vertex -7.048376880641247 -7.363948391891028 -91.5181897025807
vertex -6.913617837355074 -7.609386918838775 -91.45692699019615
vertex 0 0 -63
endloop
endfacet
facet normal 0.18135262646339023 0.9381536031458932 -0.2949220944236085
outer loop
vertex 0 0 -63
vertex -6.661104520425764 -7.682928773080725 -91.53559048382942
vertex -6.913617837355074 -7.609386918838775 -91.45692699019615
endloop
endfacet
facet normal -0.1813526264633927 -0.9381536031458931 0.29492209442360723
outer loop
vertex -6.913617837355074 -7.609386918838775 -91.45692699019615
vertex -6.661104520425764 -7.682928773080725 -91.53559048382942
vertex 0 0 -63
endloop
endfacet
facet normal 0.6533831873607174 0.6787401767163485 -0.33526434791878695
outer loop
vertex 0 0 -63
vertex -6.483340541928283 -7.849756759300688 -91.52689544053439
vertex -6.661104520425764 -7.682928773080725 -91.53559048382942
endloop
endfacet
facet normal -0.6533831873607163 -0.67874017671635 0.3352643479187865
outer loop
vertex -6.661104520425764 -7.682928773080725 -91.53559048382942
vertex -6.483340541928283 -7.849756759300688 -91.52689544053439
vertex 0 0 -63
endloop
endfacet
facet normal 0.8545701462765735 0.4173597813191247 -0.30906419726342976
outer loop
vertex 0 0 -63
vertex -6.356099780069889 -8.064979180606908 -91.46570759040559
vertex -6.483340541928283 -7.849756759300688 -91.52689544053439
endloop
endfacet
facet normal -0.8545701462765734 -0.4173597813191251 0.30906419726342954
outer loop
vertex -6.483340541928283 -7.849756759300688 -91.52689544053439
vertex -6.356099780069889 -8.064979180606908 -91.46570759040559
vertex 0 0 -63
endloop
endfacet
facet normal 0.3174090060732246 0.8914264061752574 -0.32343544214738257
outer loop
vertex 0 0 -63
vertex -6.1265578415914606 -8.162591333658535 -91.50947327098561
vertex -6.356099780069889 -8.064979180606908 -91.46570759040559
endloop
endfacet
facet normal -0.31740900607322575 -0.8914264061752571 0.32343544214738196
outer loop
vertex -6.356099780069889 -8.064979180606908 -91.46570759040559
vertex -6.1265578415914606 -8.162591333658535 -91.50947327098561
vertex 0 0 -63
endloop
endfacet
facet normal 0.3186967391168578 0.8909190961065641 -0.32356692146902843
outer loop
vertex 0 0 -63
vertex -5.876180646181289 -8.267953242388534 -91.55297135385344
vertex -6.1265578415914606 -8.162591333658535 -91.50947327098561
endloop
endfacet
facet normal -0.31869673911685814 -0.890919096106564 0.3235669214690278
outer loop
vertex -6.1265578415914606 -8.162591333658535 -91.50947327098561
vertex -5.876180646181289 -8.267953242388534 -91.55297135385344
vertex 0 0 -63
endloop
endfacet
facet normal 0.630152952985543 0.7015244858604183 -0.3328222522336446
outer loop
vertex 0 0 -63
vertex -5.6878253494707245 -8.428899735919657 -91.53559048382942
vertex -5.876180646181289 -8.267953242388534 -91.55297135385344
endloop
endfacet
facet normal -0.6301529529855432 -0.7015244858604182 0.3328222522336444
outer loop
vertex -5.876180646181289 -8.267953242388534 -91.55297135385344
vertex -5.6878253494707245 -8.428899735919657 -91.53559048382942
vertex 0 0 -63
endloop
endfacet
facet normal 0.468456660841094 0.8175643736874652 -0.3348684096636095
outer loop
vertex 0 0 -63
vertex -5.46607608752554 -8.559517013174258 -91.5442748314498
vertex -5.6878253494707245 -8.428899735919657 -91.53559048382942
endloop
endfacet
facet normal -0.46845666084109633 -0.817564373687464 0.33486840966360926
outer loop
vertex -5.6878253494707245 -8.428899735919657 -91.53559048382942
vertex -5.46607608752554 -8.559517013174258 -91.5442748314498
vertex 0 0 -63
endloop
endfacet
facet normal 0.44857233978188443 0.8288161852554087 -0.3344347276245064
outer loop
vertex 0 0 -63
vertex -5.235403113217459 -8.687871088304174 -91.55297135385344
vertex -5.46607608752554 -8.559517013174258 -91.5442748314498
endloop
endfacet
facet normal -0.44857233978188327 -0.8288161852554088 0.3344347276245073
outer loop
vertex -5.46607608752554 -8.559517013174258 -91.5442748314498
vertex -5.235403113217459 -8.687871088304174 -91.55297135385344
vertex 0 0 -63
endloop
endfacet
facet normal 0.5768771265602064 0.7459801780248478 -0.33275569844204905
outer loop
vertex 0 0 -63
vertex -5.03844925002798 -8.832425324856176 -91.53559048382942
vertex -5.235403113217459 -8.687871088304174 -91.55297135385344
endloop
endfacet
facet normal -0.5768771265602082 -0.7459801780248465 0.3327556984420491
outer loop
