solid csg.js
facet normal 0.5393894884641647 0.8399323436415119 -0.05977154707085869
outer loop
vertex 0 0 -63
vertex -3.4959193355030176 -0.003508420371131095 -94.59712388897728
vertex -3.5012462141147886 0 -94.5958929786379
endloop
endfacet
facet normal 0 -1 0
outer loop
vertex -3.5012462141147886 0 -94.5958929786379
vertex 0 0 -69.5958929786379
vertex 0 0 -63
endloop
endfacet
facet normal 0 1 0
outer loop
vertex 0 0.1 -63
vertex 0 0.1 -69.5958929786379
vertex -3.5012462141147886 0.1 -94.5958929786379
endloop
endfacet
facet normal -0.5393894884641669 -0.8399323436415105 0.05977154707085894
outer loop
vertex -3.5012462141147886 0.1 -94.5958929786379
vertex -3.4959193355030176 0.09649157962886891 -94.59712388897728
vertex 0 0.1 -63
endloop
endfacet
facet normal 0.2251426764706141 0 0.9743258054837963
outer loop
vertex -3.4959193355030176 0.09649157962886891 -94.59712388897728
vertex -3.5012462141147886 0.1 -94.5958929786379
vertex -3.5012462141147886 0 -94.5958929786379
endloop
endfacet
facet normal 0.2251426764706141 0 0.9743258054837963
outer loop
vertex -3.4959193355030176 0.09649157962886891 -94.59712388897728
vertex -3.5012462141147886 0 -94.5958929786379
vertex -3.4959193355030176 -0.003508420371131095 -94.59712388897728
endloop
endfacet
facet normal -0.9939349741722839 0 0.1099693917285219
outer loop
vertex 0 0.1 -63
vertex -3.4959193355030176 0.09649157962886891 -94.59712388897728
vertex -3.4959193355030176 -0.003508420371131095 -94.59712388897728
endloop
endfacet
facet normal -0.9939349741722839 0 0.1099693917285219
outer loop
vertex 0 0.1 -63
vertex -3.4959193355030176 -0.003508420371131095 -94.59712388897728
vertex 0 0 -63
endloop
endfacet
facet normal 1 0 0
outer loop
vertex 0 0.1 -69.5958929786379
vertex 0 0.1 -63
vertex 0 0 -63
endloop
endfacet
facet normal 1 0 0
outer loop
vertex 0 0.1 -69.5958929786379
vertex 0 0 -63
vertex 0 0 -69.5958929786379
endloop
endfacet
facet normal 0.9903349670004481 0 -0.13869626215663253
outer loop
vertex -3.5012462141147886 0.1 -94.5958929786379
vertex 0 0.1 -69.5958929786379
vertex 0 0 -69.5958929786379
endloop
endfacet
facet normal 0.9903349670004481 0 -0.13869626215663253
outer loop
vertex -3.5012462141147886 0.1 -94.5958929786379
vertex 0 0 -69.5958929786379
vertex -3.5012462141147886 0 -94.5958929786379
endloop
endfacet
facet normal -0.6074075513248401 0.7474586556747225 -0.26900116105790006
outer loop
vertex 0 0 -63
vertex 12.178980615914897 0.18456062086905642 -89.98744247582526
vertex 12.013613010939755 0 -90.1268690173739
endloop
endfacet
facet normal 0.6074075513248385 -0.7474586556747242 0.2690011610578993
outer loop
vertex 12.013613010939755 0 -90.1268690173739
vertex 12.178980615914897 0.18456062086905642 -89.98744247582526
vertex 0 0 -63
endloop
endfacet
facet normal -0.7787590838003914 0.5220346310720442 -0.347870857301743
outer loop
vertex 0 0 -63
vertex 12.28446009097295 0.4046598642354183 -89.89328015303653
vertex 12.178980615914897 0.18456062086905642 -89.98744247582526
endloop
endfacet
facet normal 0.7787590838003907 -0.5220346310720455 0.3478708573017426
outer loop
vertex 12.178980615914897 0.18456062086905642 -89.98744247582526
vertex 12.28446009097295 0.4046598642354183 -89.89328015303653
vertex 0 0 -63
endloop
endfacet
facet normal -0.8467213333623379 0.3711614602011698 -0.3811851965783037
outer loop
vertex 0 0 -63
vertex 12.359939765653822 0.6526539226262784 -89.81946934847596
vertex 12.28446009097295 0.4046598642354183 -89.89328015303653
endloop
endfacet
facet normal 0.8467213333623378 -0.37116146020117 0.3811851965783035
outer loop
vertex 12.28446009097295 0.4046598642354183 -89.89328015303653
vertex 12.359939765653822 0.6526539226262784 -89.81946934847596
vertex 0 0 -63
endloop
endfacet
facet normal -0.8508929263291001 0.3591456294710445 -0.38340011053069334
outer loop
vertex 0 0 -63
vertex 12.430650316762117 0.8995573017811316 -89.74511579200265
vertex 12.359939765653822 0.6526539226262784 -89.81946934847596
endloop
endfacet
facet normal 0.8508929263290989 -0.3591456294710477 0.3834001105306929
outer loop
vertex 12.359939765653822 0.6526539226262784 -89.81946934847596
vertex 12.430650316762117 0.8995573017811316 -89.74511579200265
vertex 0 0 -63
endloop
endfacet
facet normal -0.7418701948085322 0.5864726119144378 -0.32508228116741084
outer loop
vertex 0 0 -63
vertex 12.559312067660263 1.1336045220391273 -89.61649615077627
vertex 12.430650316762117 0.8995573017811316 -89.74511579200265
endloop
endfacet
facet normal 0.741870194808533 -0.5864726119144368 0.32508228116741145
outer loop
vertex 12.430650316762117 0.8995573017811316 -89.74511579200265
vertex 12.559312067660263 1.1336045220391273 -89.61649615077627
vertex 0 0 -63
endloop
endfacet
facet normal -0.8455773629527668 0.3717318410847652 -0.3831636224716218
outer loop
vertex 0 0 -63
vertex 12.632267418574182 1.388793747254958 -89.52992068972021
vertex 12.559312067660263 1.1336045220391273 -89.61649615077627
endloop
endfacet
facet normal 0.8455773629527679 -0.3717318410847626 0.38316362247162217
outer loop
vertex 12.559312067660263 1.1336045220391273 -89.61649615077627
vertex 12.632267418574182 1.388793747254958 -89.52992068972021
vertex 0 0 -63
endloop
endfacet
facet normal -0.7421672381630331 0.5874488749505903 -0.32263231381363766
outer loop
vertex 0 0 -63
vertex 12.743538784906551 1.5953602377940022 -89.40976753651026
vertex 12.632267418574182 1.388793747254958 -89.52992068972021
endloop
endfacet
facet normal 0.7421672381630317 -0.5874488749505924 0.32263231381363683
outer loop
vertex 12.632267418574182 1.388793747254958 -89.52992068972021
vertex 12.743538784906551 1.5953602377940022 -89.40976753651026
vertex 0 0 -63
endloop
endfacet
facet normal -0.5022927538764017 0.8432408938171058 -0.19143349863017456
outer loop
vertex 0 0 -63
vertex 12.943849697314779 1.75993920305695 -89.21040329660505
vertex 12.743538784906551 1.5953602377940022 -89.40976753651026
endloop
endfacet
facet normal 0.502292753876402 -0.8432408938171055 0.19143349863017456
outer loop
vertex 12.743538784906551 1.5953602377940022 -89.40976753651026
vertex 12.943849697314779 1.75993920305695 -89.21040329660505
vertex 0 0 -63
endloop
endfacet
facet normal -0.45250729848967064 -0.8465592531065576 -0.28031156913914124
outer loop
vertex 0 0 -63
vertex 12.762838907870476 1.904483778802731 -89.35473142718944
vertex 12.943849697314779 1.75993920305695 -89.21040329660505
endloop
endfacet
facet normal 0.45250729848967325 0.8465592531065556 0.28031156913914285
outer loop
vertex 12.943849697314779 1.75993920305695 -89.21040329660505
vertex 12.762838907870476 1.904483778802731 -89.35473142718944
vertex 0 0 -63
endloop
endfacet
facet normal -0.8680445767657026 0.2954348199548338 -0.3990198991352523
outer loop
vertex 0 0 -63
vertex 12.810614152358447 2.14953920147354 -89.27722435834076
vertex 12.762838907870476 1.904483778802731 -89.35473142718944
endloop
endfacet
facet normal 0.868044576765703 -0.2954348199548331 0.3990198991352522
outer loop
vertex 12.762838907870476 1.904483778802731 -89.35473142718944
vertex 12.810614152358447 2.14953920147354 -89.27722435834076
vertex 0 0 -63
endloop
endfacet
facet normal -0.19099375203389038 -0.9663750466532866 -0.17216461857732235
outer loop
vertex 0 0 -63
vertex 12.493522526031843 2.259161997864125 -89.54077569601117
vertex 12.810614152358447 2.14953920147354 -89.27722435834076
endloop
endfacet
facet normal 0.19099375203389057 0.9663750466532866 0.17216461857732226
outer loop
vertex 12.810614152358447 2.14953920147354 -89.27722435834076
vertex 12.493522526031843 2.259161997864125 -89.54077569601117
vertex 0 0 -63
endloop
endfacet
facet normal -0.19213371369126533 -0.9660580927145586 -0.17267425275330517
outer loop
vertex 0 0 -63
vertex 12.25372501699106 2.341473255476339 -89.73445987334856
vertex 12.493522526031843 2.259161997864125 -89.54077569601117
endloop
endfacet
facet normal 0.19213371369126464 0.9660580927145587 0.1726742527533046
outer loop
vertex 12.493522526031843 2.259161997864125 -89.54077569601117
vertex 12.25372501699106 2.341473255476339 -89.73445987334856
vertex 0 0 -63
endloop
endfacet
facet normal -0.8559175283627225 0.3714363993556982 -0.3597779674676072
outer loop
vertex 0 0 -63
vertex 12.324921712243352 2.6093629727673067 -89.62726739333515
vertex 12.25372501699106 2.341473255476339 -89.73445987334856
endloop
endfacet
facet normal 0.8559175283627232 -0.3714363993556959 0.3597779674676078
outer loop
vertex 12.25372501699106 2.341473255476339 -89.73445987334856
vertex 12.324921712243352 2.6093629727673067 -89.62726739333515
vertex 0 0 -63
endloop
endfacet
facet normal -0.4678741265724915 0.874045789617243 -0.13091126512412266
outer loop
vertex 0 0 -63
vertex 12.543207317281446 2.7587869157383045 -89.40976753651026
vertex 12.324921712243352 2.6093629727673067 -89.62726739333515
endloop
endfacet
facet normal 0.46787412657249183 -0.8740457896172429 0.13091126512412257
outer loop
vertex 12.324921712243352 2.6093629727673067 -89.62726739333515
vertex 12.543207317281446 2.7587869157383045 -89.40976753651026
vertex 0 0 -63
endloop
endfacet
facet normal -0.7847785812458994 0.5325127545235523 -0.31710052773121045
outer loop
vertex 0 0 -63
vertex 12.65861504091685 3.021026040543904 -89.25500220254568
vertex 12.543207317281446 2.7587869157383045 -89.40976753651026
endloop
endfacet
facet normal 0.7847785812459003 -0.5325127545235512 0.3171005277312104
outer loop
vertex 12.543207317281446 2.7587869157383045 -89.40976753651026
vertex 12.65861504091685 3.021026040543904 -89.25500220254568
vertex 0 0 -63
endloop
endfacet
facet normal -0.8201007339896037 -0.3684627236154397 -0.4378013332729874
outer loop
vertex 0 0 -63
vertex 12.55069763918908 3.3008090894631206 -89.28831978920071
vertex 12.65861504091685 3.021026040543904 -89.25500220254568
endloop
endfacet
facet normal 0.8201007339896048 0.36846272361543714 0.4378013332729876
outer loop
vertex 12.65861504091685 3.021026040543904 -89.25500220254568
vertex 12.55069763918908 3.3008090894631206 -89.28831978920071
vertex 0 0 -63
endloop
endfacet
facet normal 0.003245387157487197 -0.9923942490910237 -0.12305739243646087
outer loop
vertex 0 0 -63
vertex 12.303522902634931 3.325909973510639 -89.49726417021222
vertex 12.55069763918908 3.3008090894631206 -89.28831978920071
endloop
endfacet
facet normal -0.003245387157487846 0.9923942490910238 0.12305739243646047
outer loop
vertex 12.55069763918908 3.3008090894631206 -89.28831978920071
vertex 12.303522902634931 3.325909973510639 -89.49726417021222
vertex 0 0 -63
endloop
endfacet
facet normal -0.6817568539875207 0.6946939581869421 -0.2293641133647494
outer loop
vertex 0 0 -63
vertex 12.477925733905089 3.5660512131176443 -89.28831978920071
vertex 12.303522902634931 3.325909973510639 -89.49726417021222
endloop
endfacet
facet normal 0.681756853987521 -0.6946939581869418 0.22936411336474952
outer loop
vertex 12.303522902634931 3.325909973510639 -89.49726417021222
vertex 12.477925733905089 3.5660512131176443 -89.28831978920071
vertex 0 0 -63
endloop
endfacet
facet normal -0.9035646811739252 0.11098349814360305 -0.4138278991016334
outer loop
vertex 0 0 -63
vertex 12.478722360415283 3.8214614185322766 -89.22156132622669
vertex 12.477925733905089 3.5660512131176443 -89.28831978920071
endloop
endfacet
facet normal 0.9035646811739252 -0.11098349814360252 0.41382789910163376
outer loop
vertex 12.477925733905089 3.5660512131176443 -89.28831978920071
vertex 12.478722360415283 3.8214614185322766 -89.22156132622669
vertex 0 0 -63
endloop
endfacet
facet normal -0.8827663887723117 -0.15663529924576963 -0.44293214591411156
outer loop
vertex 0 0 -63
vertex 12.420901220497377 4.084195565637224 -89.19923484300034
vertex 12.478722360415283 3.8214614185322766 -89.22156132622669
endloop
endfacet
facet normal 0.8827663887723123 0.15663529924576702 0.4429321459141114
outer loop
vertex 12.478722360415283 3.8214614185322766 -89.22156132622669
vertex 12.420901220497377 4.084195565637224 -89.19923484300034
vertex 0 0 -63
endloop
endfacet
facet normal -0.8245446802470054 -0.3490210081312132 -0.4453205656147434
outer loop
vertex 0 0 -63
vertex 12.331881851353161 4.30874935328096 -89.21040329660505
vertex 12.420901220497377 4.084195565637224 -89.19923484300034
endloop
endfacet
facet normal 0.8245446802470047 0.349021008131216 0.4453205656147427
outer loop
vertex 12.420901220497377 4.084195565637224 -89.19923484300034
vertex 12.331881851353161 4.30874935328096 -89.21040329660505
vertex 0 0 -63
endloop
endfacet
facet normal -0.6697036240827364 -0.6150405512684258 -0.41619968306797134
outer loop
vertex 0 0 -63
vertex 12.176929767064067 4.522691144359415 -89.27722435834076
vertex 12.331881851353161 4.30874935328096 -89.21040329660505
endloop
endfacet
facet normal 0.6697036240827361 0.6150405512684263 0.4161996830679712
outer loop
vertex 12.331881851353161 4.30874935328096 -89.21040329660505
vertex 12.176929767064067 4.522691144359415 -89.27722435834076
vertex 0 0 -63
endloop
endfacet
facet normal -0.7538308821593916 -0.4931568771858969 -0.4342065126032169
outer loop
vertex 0 0 -63
vertex 12.0556289590454 4.737414928732577 -89.31050855704382
vertex 12.176929767064067 4.522691144359415 -89.27722435834076
endloop
endfacet
facet normal 0.7538308821593931 0.4931568771858943 0.43420651260321763
outer loop
vertex 12.176929767064067 4.522691144359415 -89.27722435834076
vertex 12.0556289590454 4.737414928732577 -89.31050855704382
vertex 0 0 -63
endloop
endfacet
facet normal 0.03883839721704116 -0.9863834419924002 -0.15981015069399246
outer loop
vertex 0 0 -63
vertex 11.82348210355245 4.758531697334244 -89.49726417021222
vertex 12.0556289590454 4.737414928732577 -89.31050855704382
endloop
endfacet
facet normal -0.0388383972170402 0.9863834419924001 0.15981015069399293
outer loop
vertex 12.0556289590454 4.737414928732577 -89.31050855704382
vertex 11.82348210355245 4.758531697334244 -89.49726417021222
vertex 0 0 -63
endloop
endfacet
facet normal -0.10904573527279367 -0.9687835282374416 -0.22263760471813826
outer loop
vertex 0 0 -63
vertex 11.599306041492321 4.821059201082021 -89.65954660322926
vertex 11.82348210355245 4.758531697334244 -89.49726417021222
endloop
endfacet
facet normal 0.1090457352727927 0.9687835282374421 0.22263760471813676
outer loop
vertex 11.82348210355245 4.758531697334244 -89.49726417021222
vertex 11.599306041492321 4.821059201082021 -89.65954660322926
vertex 0 0 -63
endloop
endfacet
facet normal -0.915566346710822 0.15819682648686723 -0.369745897692027
outer loop
vertex 0 0 -63
vertex 11.605958931671722 5.086492060075848 -89.56245431956737
vertex 11.599306041492321 4.821059201082021 -89.65954660322926
endloop
endfacet
facet normal 0.9155663467108226 -0.15819682648686353 0.36974589769202687
outer loop
vertex 11.599306041492321 4.821059201082021 -89.65954660322926
vertex 11.605958931671722 5.086492060075848 -89.56245431956737
vertex 0 0 -63
endloop
endfacet
facet normal -0.8660357430045427 -0.25859213923380636 -0.42791611019574083
outer loop
vertex 0 0 -63
vertex 11.521421048560972 5.333739313355564 -89.54077569601117
vertex 11.605958931671722 5.086492060075848 -89.56245431956737
endloop
endfacet
facet normal 0.8660357430045441 0.25859213923380214 0.42791611019574033
outer loop
vertex 11.605958931671722 5.086492060075848 -89.56245431956737
vertex 11.521421048560972 5.333739313355564 -89.54077569601117
vertex 0 0 -63
endloop
endfacet
facet normal -0.8148415452317436 -0.38707788476247407 -0.4315135771817073
outer loop
vertex 0 0 -63
vertex 11.413416464859788 5.561100847919049 -89.54077569601117
vertex 11.521421048560972 5.333739313355564 -89.54077569601117
endloop
endfacet
facet normal 0.814841545231743 0.38707788476247545 0.4315135771817068
outer loop
vertex 11.521421048560972 5.333739313355564 -89.54077569601117
vertex 11.413416464859788 5.561100847919049 -89.54077569601117
vertex 0 0 -63
endloop
endfacet
facet normal -0.8336821655485608 -0.345414719991569 -0.43088596874278484
outer loop
vertex 0 0 -63
vertex 11.313796632601674 5.787999132940183 -89.52992068972021
vertex 11.413416464859788 5.561100847919049 -89.54077569601117
endloop
endfacet
facet normal 0.8336821655485604 0.34541471999156914 0.4308859687427851
outer loop
vertex 11.413416464859788 5.561100847919049 -89.54077569601117
vertex 11.313796632601674 5.787999132940183 -89.52992068972021
vertex 0 0 -63
endloop
endfacet
facet normal -0.9212437476471681 0.02020189829248061 -0.38846086125423385
outer loop
vertex 0 0 -63
vertex 11.286799049909463 6.024711208448384 -89.45358510359434
vertex 11.313796632601674 5.787999132940183 -89.52992068972021
endloop
endfacet
facet normal 0.921243747647168 -0.02020189829248282 0.38846086125423407
outer loop
vertex 11.313796632601674 5.787999132940183 -89.52992068972021
vertex 11.286799049909463 6.024711208448384 -89.45358510359434
vertex 0 0 -63
endloop
endfacet
facet normal -0.9110673131678734 -0.07397240104096744 -0.405566806779483
outer loop
vertex 0 0 -63
vertex 11.237764824659441 6.267772971532487 -89.38776705046718
vertex 11.286799049909463 6.024711208448384 -89.45358510359434
endloop
endfacet
facet normal 0.9110673131678734 0.07397240104096484 0.4055668067794833
outer loop
vertex 11.286799049909463 6.024711208448384 -89.45358510359434
vertex 11.237764824659441 6.267772971532487 -89.38776705046718
vertex 0 0 -63
endloop
endfacet
facet normal -0.8886282646438163 0.35113026078432835 -0.2950378742426965
outer loop
vertex 0 0 -63
vertex 11.288120144911256 6.525498348803797 -89.23270893056143
vertex 11.237764824659441 6.267772971532487 -89.38776705046718
endloop
endfacet
facet normal 0.8886282646438174 -0.3511302607843254 0.29503787424269645
outer loop
vertex 11.237764824659441 6.267772971532487 -89.38776705046718
vertex 11.288120144911256 6.525498348803797 -89.23270893056143
vertex 0 0 -63
endloop
endfacet
facet normal -0.9227514531520343 0.10023730134434992 -0.3721320184088047
outer loop
vertex 0 0 -63
vertex 11.273656996133333 6.766328752179499 -89.131975643949
vertex 11.288120144911256 6.525498348803797 -89.23270893056143
endloop
endfacet
facet normal 0.9227514531520342 -0.10023730134435184 0.37213201840880444
outer loop
vertex 11.288120144911256 6.525498348803797 -89.23270893056143
vertex 11.273656996133333 6.766328752179499 -89.131975643949
vertex 0 0 -63
endloop
endfacet
facet normal -0.8890261209781619 -0.16628568126839274 -0.4265930477910172
outer loop
vertex 0 0 -63
vertex 11.203303098387751 6.99792889500081 -89.07563467589524
vertex 11.273656996133333 6.766328752179499 -89.131975643949
endloop
endfacet
facet normal 0.8890261209781621 0.16628568126839302 0.4265930477910166
outer loop
vertex 11.273656996133333 6.766328752179499 -89.131975643949
vertex 11.203303098387751 6.99792889500081 -89.07563467589524
vertex 0 0 -63
endloop
endfacet
facet normal -0.8863577534203128 0.36695115916348897 -0.28234160115057055
outer loop
vertex 0 0 -63
vertex 11.252366392167854 7.238890552063069 -88.91648870399628
vertex 11.203303098387751 6.99792889500081 -89.07563467589524
endloop
endfacet
facet normal 0.8863577534203138 -0.366951159163487 0.2823416011505705
outer loop
vertex 11.203303098387751 6.99792889500081 -89.07563467589524
vertex 11.252366392167854 7.238890552063069 -88.91648870399628
vertex 0 0 -63
endloop
endfacet
facet normal -0.7285974822911186 0.6727960104175829 -0.12841821196865702
outer loop
vertex 0 0 -63
vertex 11.466697956118807 7.532912627888327 -88.59211538434661
vertex 11.252366392167854 7.238890552063069 -88.91648870399628
endloop
endfacet
facet normal 0.7285974822911175 -0.6727960104175839 0.1284182119686574
outer loop
vertex 11.252366392167854 7.238890552063069 -88.91648870399628
vertex 11.466697956118807 7.532912627888327 -88.59211538434661
vertex 0 0 -63
endloop
endfacet
facet normal -0.8207755695242417 0.5306294818080833 -0.2115651613764454
outer loop
vertex 0 0 -63
vertex 11.562302459287782 7.760882801990935 -88.39124178806225
vertex 11.466697956118807 7.532912627888327 -88.59211538434661
endloop
endfacet
facet normal 0.8207755695242398 -0.5306294818080868 0.21156516137644438
outer loop
vertex 11.466697956118807 7.532912627888327 -88.59211538434661
vertex 11.562302459287782 7.760882801990935 -88.39124178806225
vertex 0 0 -63
endloop
endfacet
facet normal -0.38316897231814107 -0.8200302010504303 -0.4251258731456493
outer loop
vertex 0 0 -63
vertex 11.340469551651422 7.913721042621082 -88.48611365659457
vertex 11.562302459287782 7.760882801990935 -88.39124178806225
endloop
endfacet
facet normal 0.3831689723181447 0.8200302010504277 0.4251258731456504
outer loop
vertex 11.562302459287782 7.760882801990935 -88.39124178806225
vertex 11.340469551651422 7.913721042621082 -88.48611365659457
vertex 0 0 -63
endloop
endfacet
facet normal 0.32703995814227615 -0.9339029008353573 -0.14446535082712111
outer loop
vertex 0 0 -63
vertex 11.10804768626653 7.8649950365552606 -88.69727763841564
vertex 11.340469551651422 7.913721042621082 -88.48611365659457
endloop
endfacet
facet normal -0.3270399581422759 0.9339029008353574 0.14446535082712056
outer loop
vertex 11.340469551651422 7.913721042621082 -88.48611365659457
vertex 11.10804768626653 7.8649950365552606 -88.69727763841564
vertex 0 0 -63
endloop
endfacet
facet normal -0.11845429419545106 -0.9339992747461413 -0.3370666624873181
outer loop
vertex 0 0 -63
vertex 10.870855238502024 7.945199763707781 -88.83616616763942
vertex 11.10804768626653 7.8649950365552606 -88.69727763841564
endloop
endfacet
facet normal 0.11845429419544938 0.933999274746142 0.33706666248731676
outer loop
vertex 11.10804768626653 7.8649950365552606 -88.69727763841564
vertex 10.870855238502024 7.945199763707781 -88.83616616763942
vertex 0 0 -63
endloop
endfacet
facet normal -0.8396103276702191 -0.30743135252755843 -0.44781744176905774
outer loop
vertex 0 0 -63
vertex 10.763852729159531 8.170219160361368 -88.79002594944959
vertex 10.870855238502024 7.945199763707781 -88.83616616763942
endloop
endfacet
facet normal 0.8396103276702171 0.3074313525275643 0.44781744176905713
outer loop
vertex 10.870855238502024 7.945199763707781 -88.83616616763942
vertex 10.763852729159531 8.170219160361368 -88.79002594944959
vertex 0 0 -63
endloop
endfacet
facet normal 0.18060726314087683 -0.9568255270589499 -0.2277409213758584
outer loop
vertex 0 0 -63
vertex 10.48979755986938 8.16758659062335 -88.99630176437208
vertex 10.763852729159531 8.170219160361368 -88.79002594944959
endloop
endfacet
facet normal -0.18060726314087608 0.9568255270589501 0.22774092137585836
outer loop
vertex 10.763852729159531 8.170219160361368 -88.79002594944959
vertex 10.48979755986938 8.16758659062335 -88.99630176437208
vertex 0 0 -63
endloop
endfacet
facet normal 0.031429220667343626 -0.9571071735403489 -0.2880244129337786
outer loop
vertex 0 0 -63
vertex 10.259092610543014 8.20421918015538 -89.14320664148616
vertex 10.48979755986938 8.16758659062335 -88.99630176437208
endloop
endfacet
facet normal -0.031429220667342876 0.9571071735403482 0.28802441293378067
outer loop
vertex 10.48979755986938 8.16758659062335 -88.99630176437208
vertex 10.259092610543014 8.20421918015538 -89.14320664148616
vertex 0 0 -63
endloop
endfacet
facet normal -0.9351756172997405 0.053942890128309245 -0.350052466657006
outer loop
vertex 0 0 -63
vertex 10.224193256425476 8.478615308506972 -89.00768768432361
vertex 10.259092610543014 8.20421918015538 -89.14320664148616
endloop
endfacet
facet normal 0.9351756172997404 -0.05394289012830952 0.35005246665700696
outer loop
vertex 10.259092610543014 8.20421918015538 -89.14320664148616
vertex 10.224193256425476 8.478615308506972 -89.00768768432361
vertex 0 0 -63
endloop
endfacet
facet normal -0.778878244898249 0.6183917785835306 -0.10459583072245703
outer loop
vertex 0 0 -63
vertex 10.376707020762503 8.713398390420554 -88.7553040631613
vertex 10.224193256425476 8.478615308506972 -89.00768768432361
endloop
endfacet
facet normal 0.7788782448982506 -0.6183917785835287 0.10459583072245708
outer loop
vertex 10.224193256425476 8.478615308506972 -89.00768768432361
vertex 10.376707020762503 8.713398390420554 -88.7553040631613
vertex 0 0 -63
endloop
endfacet
facet normal -0.920974028380792 -0.046611001996390865 -0.3868258697927899
outer loop
vertex 0 0 -63
vertex 10.320923124056202 8.947000318190481 -88.65063913946211
vertex 10.376707020762503 8.713398390420554 -88.7553040631613
endloop
endfacet
facet normal 0.9209740283807926 0.046611001996389206 0.3868258697927889
outer loop
vertex 10.376707020762503 8.713398390420554 -88.7553040631613
vertex 10.320923124056202 8.947000318190481 -88.65063913946211
vertex 0 0 -63
endloop
endfacet
facet normal -0.9335455234922435 0.16588727648581522 -0.3177643262981411
outer loop
vertex 0 0 -63
vertex 10.31026871749337 9.270198176322783 -88.45061421298821
vertex 10.320923124056202 8.947000318190481 -88.65063913946211
endloop
endfacet
facet normal 0.9335455234922437 -0.16588727648581475 0.31776432629814133
outer loop
vertex 10.320923124056202 8.947000318190481 -88.65063913946211
vertex 10.31026871749337 9.270198176322783 -88.45061421298821
vertex 0 0 -63
endloop
endfacet
facet normal -0.8757768313507837 -0.2139478193088676 -0.43271384572504873
outer loop
vertex 0 0 -63
vertex 10.212323594364626 9.502739839074549 -88.36735760289433
vertex 10.31026871749337 9.270198176322783 -88.45061421298821
endloop
endfacet
facet normal 0.8757768313507832 0.21394781930886705 0.43271384572504984
outer loop
vertex 10.31026871749337 9.270198176322783 -88.45061421298821
vertex 10.212323594364626 9.502739839074549 -88.36735760289433
vertex 0 0 -63
endloop
endfacet
facet normal -0.8920565390193724 -0.1647313886180116 -0.42083096463634995
outer loop
vertex 0 0 -63
vertex 10.10199410806376 9.794258538467782 -88.24759963882502
vertex 10.212323594364626 9.502739839074549 -88.36735760289433
endloop
endfacet
facet normal 0.8920565390193727 0.16473138861801198 0.42083096463634906
outer loop
vertex 10.212323594364626 9.502739839074549 -88.36735760289433
vertex 10.10199410806376 9.794258538467782 -88.24759963882502
vertex 0 0 -63
endloop
endfacet
facet normal -0.9330197339855854 0.04074521994983987 -0.3575108432547282
outer loop
vertex 0 0 -63
vertex 10.061131235362854 10.025124330224076 -88.11464550616554
vertex 10.10199410806376 9.794258538467782 -88.24759963882502
endloop
endfacet
facet normal 0.9330197339855852 -0.04074521994984291 0.35751084325472815
outer loop
vertex 10.10199410806376 9.794258538467782 -88.24759963882502
vertex 10.061131235362854 10.025124330224076 -88.11464550616554
vertex 0 0 -63
endloop
endfacet
facet normal -0.9333800199074371 0.04463252952655126 -0.35610346213657323
outer loop
vertex 0 0 -63
vertex 10.017060402801974 10.272008285301398 -87.96818837914208
vertex 10.061131235362854 10.025124330224076 -88.11464550616554
endloop
endfacet
facet normal 0.9333800199074377 -0.044632529526551896 0.35610346213657174
outer loop
vertex 10.061131235362854 10.025124330224076 -88.11464550616554
vertex 10.017060402801974 10.272008285301398 -87.96818837914208
vertex 0 0 -63
endloop
endfacet
facet normal -0.9298623694017893 0.013074842566965866 -0.3676751588866717
outer loop
vertex 0 0 -63
vertex 9.966720633564325 10.503959367147758 -87.83262909597549
vertex 10.017060402801974 10.272008285301398 -87.96818837914208
endloop
endfacet
facet normal 0.9298623694017895 -0.013074842566964945 0.36767515888667157
outer loop
vertex 10.017060402801974 10.272008285301398 -87.96818837914208
vertex 9.966720633564325 10.503959367147758 -87.83262909597549
vertex 0 0 -63
endloop
endfacet
facet normal -0.2608141306148074 -0.8471162345588645 -0.4630011602776531
outer loop
vertex 0 0 -63
vertex 9.744264498357861 10.61294642325126 -87.9067217851983
vertex 9.966720633564325 10.503959367147758 -87.83262909597549
endloop
endfacet
facet normal 0.2608141306148047 0.8471162345588655 0.4630011602776526
outer loop
vertex 9.966720633564325 10.503959367147758 -87.83262909597549
vertex 9.744264498357861 10.61294642325126 -87.9067217851983
vertex 0 0 -63
endloop
endfacet
facet normal -0.9408281028267221 0.14503257191963853 -0.3062809723339759
outer loop
vertex 0 0 -63
vertex 9.71985805330532 10.92637228382863 -87.683334652985
vertex 9.744264498357861 10.61294642325126 -87.9067217851983
endloop
endfacet
facet normal 0.9408281028267222 -0.14503257191963848 0.30628097233397567
outer loop
vertex 9.744264498357861 10.61294642325126 -87.9067217851983
vertex 9.71985805330532 10.92637228382863 -87.683334652985
vertex 0 0 -63
endloop
endfacet
facet normal -0.9403708656794897 0.166640933964117 -0.29653572147175467
outer loop
vertex 0 0 -63
vertex 9.706078844279318 11.161921040391205 -87.50726941791413
vertex 9.71985805330532 10.92637228382863 -87.683334652985
endloop
endfacet
facet normal 0.94037086567949 -0.16664093396411578 0.29653572147175405
outer loop
vertex 9.71985805330532 10.92637228382863 -87.683334652985
vertex 9.706078844279318 11.161921040391205 -87.50726941791413
vertex 0 0 -63
endloop
endfacet
facet normal -0.5028320569625098 -0.6940329030728463 -0.5152458170069202
outer loop
vertex 0 0 -63
vertex 9.5139252350163 11.310518317840852 -87.51990495039924
vertex 9.706078844279318 11.161921040391205 -87.50726941791413
endloop
endfacet
facet normal 0.5028320569625115 0.6940329030728452 0.5152458170069197
outer loop
vertex 9.706078844279318 11.161921040391205 -87.50726941791413
vertex 9.5139252350163 11.310518317840852 -87.51990495039924
vertex 0 0 -63
endloop
endfacet
facet normal -0.9253327463406595 -0.03920944186018888 -0.37712322683529464
outer loop
vertex 0 0 -63
vertex 9.441378488370074 11.557098948081212 -87.36753673932623
vertex 9.5139252350163 11.310518317840852 -87.51990495039924
endloop
endfacet
facet normal 0.9253327463406592 0.039209441860187225 0.37712322683529553
outer loop
vertex 9.5139252350163 11.310518317840852 -87.51990495039924
vertex 9.441378488370074 11.557098948081212 -87.36753673932623
vertex 0 0 -63
endloop
endfacet
facet normal -0.8539972721980126 0.5128401710575715 -0.08765624922385444
outer loop
vertex 0 0 -63
vertex 9.537166676762547 11.756144669385685 -87.13622647513363
vertex 9.441378488370074 11.557098948081212 -87.36753673932623
endloop
endfacet
facet normal 0.8539972721980128 -0.5128401710575715 0.08765624922385373
outer loop
vertex 9.441378488370074 11.557098948081212 -87.36753673932623
vertex 9.537166676762547 11.756144669385685 -87.13622647513363
vertex 0 0 -63
endloop
endfacet
facet normal -0.9305766366006173 0.003336790839198277 -0.36608194334052896
outer loop
vertex 0 0 -63
vertex 9.46645285012139 12.026064536625269 -86.95401234982464
vertex 9.537166676762547 11.756144669385685 -87.13622647513363
endloop
endfacet
facet normal 0.9305766366006166 -0.0033367908391976854 0.3660819433405306
outer loop
vertex 9.537166676762547 11.756144669385685 -87.13622647513363
vertex 9.46645285012139 12.026064536625269 -86.95401234982464
vertex 0 0 -63
endloop
endfacet
facet normal -0.8915490162874123 -0.1496756815921113 -0.42747811861764823
outer loop
vertex 0 0 -63
vertex 9.365000541012902 12.255175915005854 -86.8226435095955
vertex 9.46645285012139 12.026064536625269 -86.95401234982464
endloop
endfacet
facet normal 0.8915490162874116 0.1496756815921114 0.4274781186176502
outer loop
vertex 9.46645285012139 12.026064536625269 -86.95401234982464
vertex 9.365000541012902 12.255175915005854 -86.8226435095955
vertex 0 0 -63
endloop
endfacet
facet normal -0.811206657107995 -0.32503300211706343 -0.4861042141335958
outer loop
vertex 0 0 -63
vertex 9.206272263560585 12.493034820673257 -86.7168031575571
vertex 9.365000541012902 12.255175915005854 -86.8226435095955
endloop
endfacet
facet normal 0.8112066571079952 0.3250330021170631 0.4861042141335957
outer loop
vertex 9.365000541012902 12.255175915005854 -86.8226435095955
vertex 9.206272263560585 12.493034820673257 -86.7168031575571
vertex 0 0 -63
endloop
endfacet
facet normal -0.6880352493456929 -0.496927359116111 -0.5288390070897738
outer loop
vertex 0 0 -63
vertex 9.031890440859707 12.67793981128748 -86.66367452707907
vertex 9.206272263560585 12.493034820673257 -86.7168031575571
endloop
endfacet
facet normal 0.6880352493456929 0.49692735911611335 0.5288390070897716
outer loop
vertex 9.206272263560585 12.493034820673257 -86.7168031575571
vertex 9.031890440859707 12.67793981128748 -86.66367452707907
vertex 0 0 -63
endloop
endfacet
facet normal -0.29631496204831537 -0.7902010026535593 -0.5364511335355859
outer loop
vertex 0 0 -63
vertex 8.815618736588098 12.786100112889828 -86.70353619498009
vertex 9.031890440859707 12.67793981128748 -86.66367452707907
endloop
endfacet
facet normal 0.29631496204830987 0.790201002653562 0.536451133535585
outer loop
vertex 9.031890440859707 12.67793981128748 -86.66367452707907
vertex 8.815618736588098 12.786100112889828 -86.70353619498009
vertex 0 0 -63
endloop
endfacet
facet normal -0.17996228663675645 -0.8362307326848806 -0.5180074681911235
outer loop
vertex 0 0 -63
vertex 8.57177851950525 12.879626388993254 -86.76980455105398
vertex 8.815618736588098 12.786100112889828 -86.70353619498009
endloop
endfacet
facet normal 0.17996228663675254 0.8362307326848812 0.5180074681911236
outer loop
vertex 8.815618736588098 12.786100112889828 -86.70353619498009
vertex 8.57177851950525 12.879626388993254 -86.76980455105398
vertex 0 0 -63
endloop
endfacet
facet normal 0.31345889439063934 -0.8776765719712384 -0.3625291113003393
outer loop
vertex 0 0 -63
vertex 8.300197184388058 12.85872017359908 -86.95401234982464
vertex 8.57177851950525 12.879626388993254 -86.76980455105398
endloop
endfacet
facet normal -0.31345889439063956 0.8776765719712384 0.3625291113003389
outer loop
vertex 8.57177851950525 12.879626388993254 -86.76980455105398
vertex 8.300197184388058 12.85872017359908 -86.95401234982464
vertex 0 0 -63
endloop
endfacet
facet normal 0.8069220024074485 -0.5895074037241396 -0.03684973521177391
outer loop
vertex 0 0 -63
vertex 8.136440763747805 12.652410343566157 -87.23942787653569
vertex 8.300197184388058 12.85872017359908 -86.95401234982464
endloop
endfacet
facet normal -0.8069220024074464 0.5895074037241426 0.03684973521177342
outer loop
vertex 8.300197184388058 12.85872017359908 -86.95401234982464
vertex 8.136440763747805 12.652410343566157 -87.23942787653569
vertex 0 0 -63
endloop
endfacet
facet normal 0.3745727808322046 -0.8675753412617501 -0.32712116882615094
outer loop
vertex 0 0 -63
vertex 7.833621717037122 12.603551274128455 -87.456591592443
vertex 8.136440763747805 12.652410343566157 -87.23942787653569
endloop
endfacet
facet normal -0.37457278083220613 0.867575341261749 0.32712116882615166
outer loop
vertex 8.136440763747805 12.652410343566157 -87.23942787653569
vertex 7.833621717037122 12.603551274128455 -87.456591592443
vertex 0 0 -63
endloop
endfacet
facet normal 0.4604552186880294 -0.8404693759525854 -0.2856435185136017
outer loop
vertex 0 0 -63
vertex 7.612628047836047 12.54251167048514 -87.63323054074023
vertex 7.833621717037122 12.603551274128455 -87.456591592443
endloop
endfacet
facet normal -0.4604552186880275 0.8404693759525869 0.2856435185136007
outer loop
vertex 7.833621717037122 12.603551274128455 -87.456591592443
vertex 7.612628047836047 12.54251167048514 -87.63323054074023
vertex 0 0 -63
endloop
endfacet
facet normal -0.14838389453583828 -0.8619750713545379 -0.48474859072071225
outer loop
vertex 0 0 -63
vertex 7.3133941318291225 12.636244689711345 -87.70830870042576
vertex 7.612628047836047 12.54251167048514 -87.63323054074023
endloop
endfacet
facet normal 0.14838389453584047 0.8619750713545375 0.48474859072071225
outer loop
vertex 7.612628047836047 12.54251167048514 -87.63323054074023
vertex 7.3133941318291225 12.636244689711345 -87.70830870042576
vertex 0 0 -63
endloop
endfacet
facet normal 0.45222890436214547 -0.8412246231509575 -0.29636152156436085
outer loop
vertex 0 0 -63
vertex 7.083507257248826 12.573879068971742 -87.88207617652253
vertex 7.3133941318291225 12.636244689711345 -87.70830870042576
endloop
endfacet
facet normal -0.4522289043621469 0.8412246231509573 0.29636152156435913
outer loop
vertex 7.3133941318291225 12.636244689711345 -87.70830870042576
vertex 7.083507257248826 12.573879068971742 -87.88207617652253
vertex 0 0 -63
endloop
endfacet
facet normal 0.3744416992823209 -0.8661253571725066 -0.33108953396530966
outer loop
vertex 0 0 -63
vertex 6.821695832785193 12.526335951318934 -88.05379653937614
vertex 7.083507257248826 12.573879068971742 -87.88207617652253
endloop
endfacet
facet normal -0.37444169928231724 0.8661253571725078 0.3310895339653102
outer loop
vertex 7.083507257248826 12.573879068971742 -87.88207617652253
vertex 6.821695832785193 12.526335951318934 -88.05379653937614
vertex 0 0 -63
endloop
endfacet
facet normal -0.22170933149298455 -0.8466907685850584 -0.48369382332398747
outer loop
vertex 0 0 -63
vertex 6.594178191792821 12.606794255783454 -88.09034966183971
vertex 6.821695832785193 12.526335951318934 -88.05379653937614
endloop
endfacet
facet normal 0.22170933149298208 0.8466907685850588 0.4836938233239882
outer loop
vertex 6.821695832785193 12.526335951318934 -88.05379653937614
vertex 6.594178191792821 12.606794255783454 -88.09034966183971
vertex 0 0 -63
endloop
endfacet
facet normal -0.8722221177557079 -0.30490895147004593 -0.3824383723048525
outer loop
vertex 0 0 -63
vertex 6.471168113459083 12.805453391974618 -87.96818837914208
vertex 6.594178191792821 12.606794255783454 -88.09034966183971
endloop
endfacet
facet normal 0.8722221177557075 0.3049089514700475 0.3824383723048526
outer loop
vertex 6.594178191792821 12.606794255783454 -88.09034966183971
vertex 6.471168113459083 12.805453391974618 -87.96818837914208
vertex 0 0 -63
endloop
endfacet
facet normal -0.9632640180076572 -0.03290703942281443 -0.2665324715080119
outer loop
vertex 0 0 -63
vertex 6.388232816534092 13.128247981642017 -87.70830870042576
vertex 6.471168113459083 12.805453391974618 -87.96818837914208
endloop
endfacet
facet normal 0.9632640180076572 0.03290703942281472 0.26653247150801157
outer loop
vertex 6.471168113459083 12.805453391974618 -87.96818837914208
vertex 6.388232816534092 13.128247981642017 -87.70830870042576
vertex 0 0 -63
endloop
endfacet
facet normal 0.2553398750392934 -0.8796143985787792 -0.4013478018225718
outer loop
vertex 0 0 -63
vertex 6.116153519312211 13.111620485470759 -87.84496550646729
vertex 6.388232816534092 13.128247981642017 -87.70830870042576
endloop
endfacet
facet normal -0.2553398750392922 0.8796143985787797 0.4013478018225716
outer loop
vertex 6.388232816534092 13.128247981642017 -87.70830870042576
vertex 6.116153519312211 13.111620485470759 -87.84496550646729
vertex 0 0 -63
endloop
endfacet
facet normal 0.007728620768076826 -0.8851571222200041 -0.465228048815013
outer loop
vertex 0 0 -63
vertex 5.861791385054634 13.148326546269724 -87.91902918277839
vertex 6.116153519312211 13.111620485470759 -87.84496550646729
endloop
endfacet
facet normal -0.0077286207680747135 0.8851571222200043 0.46522804881501245
outer loop
vertex 6.116153519312211 13.111620485470759 -87.84496550646729
vertex 5.861791385054634 13.148326546269724 -87.91902918277839
vertex 0 0 -63
endloop
endfacet
facet normal 0.03677358658706152 -0.8873805119862812 -0.45956885259609304
outer loop
vertex 0 0 -63
vertex 5.6169559789182895 13.176328939557989 -87.99269008018013
vertex 5.861791385054634 13.148326546269724 -87.91902918277839
endloop
endfacet
facet normal -0.03677358658706147 0.8873805119862808 0.4595688525960936
outer loop
vertex 5.861791385054634 13.148326546269724 -87.91902918277839
vertex 5.6169559789182895 13.176328939557989 -87.99269008018013
vertex 0 0 -63
endloop
endfacet
facet normal -0.08104616471821888 -0.874053452063454 -0.47902200588326477
outer loop
vertex 0 0 -63
vertex 5.372814000444417 13.225773044429275 -88.04160227890408
vertex 5.6169559789182895 13.176328939557989 -87.99269008018013
endloop
endfacet
facet normal 0.08104616471822032 0.874053452063454 0.4790220058832646
outer loop
vertex 5.6169559789182895 13.176328939557989 -87.99269008018013
vertex 5.372814000444417 13.225773044429275 -88.04160227890408
vertex 0 0 -63
endloop
endfacet
facet normal -0.31994445331503063 -0.807699673709711 -0.4952340697914196
outer loop
vertex 0 0 -63
