solid csg.js
facet normal 0.5360802024962986 0.8407107563544155 -0.0763114712314868
outer loop
vertex 0 0 -70
vertex -3.4959193355030176 -0.003508420371131095 -94.59712388897728
vertex -3.5012462141147886 0 -94.5958929786379
endloop
endfacet
facet normal 0 1 0
outer loop
vertex -3.5012462141147886 0 -94.5958929786379
vertex 0 0 -69.5958929786379
vertex 0 0 -70
endloop
endfacet
facet normal 0 -1 0
outer loop
vertex 0 -0.1 -70
vertex 0 -0.1 -69.5958929786379
vertex -3.5012462141147886 -0.1 -94.5958929786379
endloop
endfacet
facet normal -0.536080202496274 -0.8407107563544315 0.0763114712314833
outer loop
vertex -3.5012462141147886 -0.1 -94.5958929786379
vertex -3.4959193355030176 -0.1035084203711311 -94.59712388897728
vertex 0 -0.1 -70
endloop
endfacet
facet normal -0.22514267647061414 0 -0.9743258054837963
outer loop
vertex -3.5012462141147886 0 -94.5958929786379
vertex -3.4959193355030176 -0.003508420371131095 -94.59712388897728
vertex -3.4959193355030176 -0.1035084203711311 -94.59712388897728
endloop
endfacet
facet normal -0.22514267647061414 0 -0.9743258054837963
outer loop
vertex -3.5012462141147886 0 -94.5958929786379
vertex -3.4959193355030176 -0.1035084203711311 -94.59712388897728
vertex -3.5012462141147886 -0.1 -94.5958929786379
endloop
endfacet
facet normal 0.9900504212230518 0 -0.1407130535382478
outer loop
vertex -3.4959193355030176 -0.003508420371131095 -94.59712388897728
vertex 0 0 -70
vertex 0 -0.1 -70
endloop
endfacet
facet normal 0.9900504212230518 0 -0.1407130535382478
outer loop
vertex -3.4959193355030176 -0.003508420371131095 -94.59712388897728
vertex 0 -0.1 -70
vertex -3.4959193355030176 -0.1035084203711311 -94.59712388897728
endloop
endfacet
facet normal 1 0 0
outer loop
vertex 0 0 -70
vertex 0 0 -69.5958929786379
vertex 0 -0.1 -69.5958929786379
endloop
endfacet
facet normal 1 0 0
outer loop
vertex 0 0 -70
vertex 0 -0.1 -69.5958929786379
vertex 0 -0.1 -70
endloop
endfacet
facet normal -0.9903349670004481 0 0.13869626215663253
outer loop
vertex 0 0 -69.5958929786379
vertex -3.5012462141147886 0 -94.5958929786379
vertex -3.5012462141147886 -0.1 -94.5958929786379
endloop
endfacet
facet normal -0.9903349670004481 0 0.13869626215663253
outer loop
vertex 0 0 -69.5958929786379
vertex -3.5012462141147886 -0.1 -94.5958929786379
vertex 0 -0.1 -69.5958929786379
endloop
endfacet
facet normal 0.1500154087886004 -0.9884567633842357 -0.02118027492621941
outer loop
vertex -0.49022818597831164 -0.008054771748984741 -73.09627652780124
vertex -3.8795914531651827 -0.0637442410052287 -94.50346246395772
vertex -3.501236805299772 -0.004343253402147876 -94.59582579673723
endloop
endfacet
facet normal -0.15001540878860034 0.9884567633842357 0.0211802749262194
outer loop
vertex -3.501236805299772 -0.004343253402147876 -94.59582579673723
vertex -3.8795914531651827 -0.0637442410052287 -94.50346246395772
vertex -0.49022818597831164 -0.008054771748984741 -73.09627652780124
endloop
endfacet
facet normal 0.45419439936431455 0.8878055146909417 -0.0742213963115877
outer loop
vertex -0.49022818597831164 -0.008054771748984741 -73.09627652780124
vertex -0.9025848350529229 -0.04324733609054837 -76.0406327930951
vertex -3.669000596251059 -0.17580009738718094 -94.55512707378922
endloop
endfacet
facet normal 0.45419439936431455 0.8878055146909417 -0.0742213963115877
outer loop
vertex -0.49022818597831164 -0.008054771748984741 -73.09627652780124
vertex -3.669000596251059 -0.17580009738718094 -94.55512707378922
vertex -3.8795914531651827 -0.0637442410052287 -94.50346246395772
endloop
endfacet
facet normal -0.4541943993643141 -0.8878055146909418 0.07422139631158764
outer loop
vertex -3.8795914531651827 -0.0637442410052287 -94.50346246395772
vertex -3.669000596251059 -0.17580009738718094 -94.55512707378922
vertex -0.9025848350529229 -0.04324733609054837 -76.0406327930951
endloop
endfacet
facet normal -0.4541943993643141 -0.8878055146909418 0.07422139631158764
outer loop
vertex -3.8795914531651827 -0.0637442410052287 -94.50346246395772
vertex -0.9025848350529229 -0.04324733609054837 -76.0406327930951
vertex -0.49022818597831164 -0.008054771748984741 -73.09627652780124
endloop
endfacet
facet normal 0.3590261432091196 -0.9321447785434742 -0.046971697079435895
outer loop
vertex -3.897487331723933 -0.26675151096259464 -94.49664134674481
vertex -3.669000596251059 -0.17580009738718094 -94.55512707378922
vertex -0.9025848350529229 -0.04324733609054837 -76.0406327930951
endloop
endfacet
facet normal 0.3590261432091196 -0.9321447785434742 -0.046971697079435895
outer loop
vertex -3.897487331723933 -0.26675151096259464 -94.49664134674481
vertex -0.9025848350529229 -0.04324733609054837 -76.0406327930951
vertex -0.4725981973358722 -0.032345527384121775 -72.97039285978494
endloop
endfacet
facet normal -0.35902614320911974 0.9321447785434742 0.04697169707943594
outer loop
vertex -0.4725981973358722 -0.032345527384121775 -72.97039285978494
vertex -0.9025848350529229 -0.04324733609054837 -76.0406327930951
vertex -3.669000596251059 -0.17580009738718094 -94.55512707378922
endloop
endfacet
facet normal -0.35902614320911974 0.9321447785434742 0.04697169707943594
outer loop
vertex -0.4725981973358722 -0.032345527384121775 -72.97039285978494
vertex -3.669000596251059 -0.17580009738718094 -94.55512707378922
vertex -3.897487331723933 -0.26675151096259464 -94.49664134674481
endloop
endfacet
facet normal 0.7542933080462207 0.6441322845073506 -0.12702442872152775
outer loop
vertex -0.4725981973358722 -0.032345527384121775 -72.97039285978494
vertex -0.4854648872986267 -0.035395766732145645 -73.062265075961
vertex -3.883987912514618 -0.28318573338399466 -94.49981626092746
endloop
endfacet
facet normal 0.7542933080462207 0.6441322845073506 -0.12702442872152775
outer loop
vertex -0.4725981973358722 -0.032345527384121775 -72.97039285978494
vertex -3.883987912514618 -0.28318573338399466 -94.49981626092746
vertex -3.897487331723933 -0.26675151096259464 -94.49664134674481
endloop
endfacet
facet normal -0.7542933080462192 -0.6441322845073527 0.12702442872152733
outer loop
vertex -3.897487331723933 -0.26675151096259464 -94.49664134674481
vertex -3.883987912514618 -0.28318573338399466 -94.49981626092746
vertex -0.4854648872986267 -0.035395766732145645 -73.062265075961
endloop
endfacet
facet normal -0.7542933080462192 -0.6441322845073527 0.12702442872152733
outer loop
vertex -3.897487331723933 -0.26675151096259464 -94.49664134674481
vertex -0.4854648872986267 -0.035395766732145645 -73.062265075961
vertex -0.4725981973358722 -0.032345527384121775 -72.97039285978494
endloop
endfacet
facet normal 0.23333204257927453 0.9712009842510201 -0.048216243068424834
outer loop
vertex -1.045277859009413 -0.07621233221140061 -76.59351060409612
vertex -1.0518232944649286 -0.103456483021029 -77.17395412529879
vertex -3.602096506204563 -0.35429928011228506 -94.56807643108552
endloop
endfacet
facet normal 0.23333204257927453 0.9712009842510201 -0.048216243068424834
outer loop
vertex -1.045277859009413 -0.07621233221140061 -76.59351060409612
vertex -3.602096506204563 -0.35429928011228506 -94.56807643108552
vertex -3.883987912514618 -0.28318573338399466 -94.49981626092746
endloop
endfacet
facet normal 0.23333204257927453 0.9712009842510201 -0.048216243068424834
outer loop
vertex -1.0509928708383924 -0.10000000000000014 -77.10031288062494
vertex -1.0166818586430502 -0.0999999999999999 -76.93427218460596
vertex -1.0518232944649286 -0.103456483021029 -77.17395412529879
endloop
endfacet
facet normal 0.23333204257927453 0.9712009842510201 -0.048216243068424834
outer loop
vertex -1.045277859009413 -0.07621233221140061 -76.59351060409612
vertex -0.4854648872986267 -0.035395766732145645 -73.062265075961
vertex -1.0509928708383924 -0.10000000000000014 -77.10031288062494
endloop
endfacet
facet normal -0.23333204257927428 -0.9712009842510201 0.0482162430684248
outer loop
vertex -1.0509928708383924 -0.10000000000000014 -77.10031288062494
vertex -1.0518232944649286 -0.103456483021029 -77.17395412529879
vertex -1.0166818586430502 -0.0999999999999999 -76.93427218460596
endloop
endfacet
facet normal -0.23333204257927428 -0.9712009842510201 0.0482162430684248
outer loop
vertex -1.045277859009413 -0.07621233221140061 -76.59351060409612
vertex -1.0509928708383924 -0.10000000000000014 -77.10031288062494
vertex -0.4854648872986267 -0.035395766732145645 -73.062265075961
endloop
endfacet
facet normal -0.23333204257927428 -0.9712009842510201 0.0482162430684248
outer loop
vertex -1.045277859009413 -0.07621233221140061 -76.59351060409612
vertex -3.883987912514618 -0.28318573338399466 -94.49981626092746
vertex -3.602096506204563 -0.35429928011228506 -94.56807643108552
endloop
endfacet
facet normal -0.23333204257927428 -0.9712009842510201 0.0482162430684248
outer loop
vertex -1.045277859009413 -0.07621233221140061 -76.59351060409612
vertex -3.602096506204563 -0.35429928011228506 -94.56807643108552
vertex -1.0518232944649286 -0.103456483021029 -77.17395412529879
endloop
endfacet
facet normal 0.3819438727141887 -0.923199216886788 -0.04268587630246407
outer loop
vertex -0.9661213069521094 -0.11663022048606964 -76.1221932851786
vertex -0.9730015238115725 -0.09999999999966702 -76.54343011477323
vertex -0.5029733119923541 -0.06071896753944858 -73.18728073912813
endloop
endfacet
facet normal 0.3819438727141887 -0.923199216886788 -0.04268587630246407
outer loop
vertex -0.9661213069521094 -0.11663022048606964 -76.1221932851786
vertex -3.8662279028999365 -0.4667312577829146 -94.49981626093776
vertex -3.602096506204563 -0.35429928011228506 -94.56807643108552
endloop
endfacet
facet normal 0.3819438727141887 -0.923199216886788 -0.04268587630246407
outer loop
vertex -0.9661213069521094 -0.11663022048606964 -76.1221932851786
vertex -3.602096506204563 -0.35429928011228506 -94.56807643108552
vertex -1.0166818586430502 -0.0999999999999999 -76.93427218460596
endloop
endfacet
facet normal 0.3819438727141887 -0.923199216886788 -0.04268587630246407
outer loop
vertex -0.9661213069521094 -0.11663022048606964 -76.1221932851786
vertex -1.0166818586430502 -0.0999999999999999 -76.93427218460596
vertex -0.9730015238115725 -0.09999999999966702 -76.54343011477323
endloop
endfacet
facet normal -0.38194387271418845 0.923199216886788 0.04268587630246402
outer loop
vertex -0.9661213069521094 -0.11663022048606964 -76.1221932851786
vertex -0.9730015238115725 -0.09999999999966702 -76.54343011477323
vertex -1.0166818586430502 -0.0999999999999999 -76.93427218460596
endloop
endfacet
facet normal -0.38194387271418845 0.923199216886788 0.04268587630246402
outer loop
vertex -0.9661213069521094 -0.11663022048606964 -76.1221932851786
vertex -1.0166818586430502 -0.0999999999999999 -76.93427218460596
vertex -3.602096506204563 -0.35429928011228506 -94.56807643108552
endloop
endfacet
facet normal -0.38194387271418845 0.923199216886788 0.04268587630246402
outer loop
vertex -0.9661213069521094 -0.11663022048606964 -76.1221932851786
vertex -3.602096506204563 -0.35429928011228506 -94.56807643108552
vertex -3.8662279028999365 -0.4667312577829146 -94.49981626093776
endloop
endfacet
facet normal -0.38194387271418845 0.923199216886788 0.04268587630246402
outer loop
vertex -0.9661213069521094 -0.11663022048606964 -76.1221932851786
vertex -0.5029733119923541 -0.06071896753944858 -73.18728073912813
vertex -0.9730015238115725 -0.09999999999966702 -76.54343011477323
endloop
endfacet
facet normal 0.4789596334087113 -0.8758588707494958 -0.05889743707846008
outer loop
vertex -3.9015899971424064 -0.48672211172270763 -94.49010189829934
vertex -3.8662279028999365 -0.4667312577829146 -94.49981626093776
vertex -0.5029733119923541 -0.06071896753944858 -73.18728073912813
endloop
endfacet
facet normal 0.4789596334087113 -0.8758588707494958 -0.05889743707846008
outer loop
vertex -3.9015899971424064 -0.48672211172270763 -94.49010189829934
vertex -0.5029733119923541 -0.06071896753944858 -73.18728073912813
vertex -0.46806289791100897 -0.05839069770456584 -72.9380093943878
endloop
endfacet
facet normal -0.47895963340871206 0.8758588707494953 0.058897437078459874
outer loop
vertex -0.46806289791100897 -0.05839069770456584 -72.9380093943878
vertex -0.5029733119923541 -0.06071896753944858 -73.18728073912813
vertex -3.8662279028999365 -0.4667312577829146 -94.49981626093776
endloop
endfacet
facet normal -0.47895963340871206 0.8758588707494953 0.058897437078459874
outer loop
vertex -0.46806289791100897 -0.05839069770456584 -72.9380093943878
vertex -3.8662279028999365 -0.4667312577829146 -94.49981626093776
vertex -3.9015899971424064 -0.48672211172270763 -94.49010189829934
endloop
endfacet
facet normal 0.9176600894579767 -0.3723383650922329 -0.13879518037893557
outer loop
vertex -3.9860589455936934 -0.7063491854548112 -94.45939620117404
vertex -3.9015899971424064 -0.48672211172270763 -94.49010189829934
vertex -0.46806289791100897 -0.05839069770456584 -72.9380093943878
endloop
endfacet
facet normal 0.9176600894579767 -0.3723383650922329 -0.13879518037893557
outer loop
vertex -3.9860589455936934 -0.7063491854548112 -94.45939620117404
vertex -0.46806289791100897 -0.05839069770456584 -72.9380093943878
vertex -0.4024652426283604 -0.0713188139424446 -72.4696214885459
endloop
endfacet
facet normal -0.917660089457977 0.3723383650922322 0.13879518037893562
outer loop
vertex -0.4024652426283604 -0.0713188139424446 -72.4696214885459
vertex -0.46806289791100897 -0.05839069770456584 -72.9380093943878
vertex -3.9015899971424064 -0.48672211172270763 -94.49010189829934
endloop
endfacet
facet normal -0.917660089457977 0.3723383650922322 0.13879518037893562
outer loop
vertex -0.4024652426283604 -0.0713188139424446 -72.4696214885459
vertex -3.9015899971424064 -0.48672211172270763 -94.49010189829934
vertex -3.9860589455936934 -0.7063491854548112 -94.45939620117404
endloop
endfacet
facet normal 0.20442770829653656 0.9769460969942717 -0.06152751943874844
outer loop
vertex -0.5201116619052206 -0.09216633616060861 -73.1915276168974
vertex -0.5220602131403546 -0.10147832982242751 -73.3458594315596
vertex -3.8227485525780245 -0.7430678084257443 -94.49981626094481
endloop
endfacet
facet normal 0.20442770829653656 0.9769460969942717 -0.06152751943874844
outer loop
vertex -0.5201116619052206 -0.09216633616060861 -73.1915276168974
vertex -3.8227485525780245 -0.7430678084257443 -94.49981626094481
vertex -3.9860589455936934 -0.7063491854548112 -94.45939620117404
endloop
endfacet
facet normal 0.20442770829653656 0.9769460969942717 -0.06152751943874844
outer loop
vertex -0.5217508699959583 -0.1000000000007601 -73.32135841358935
vertex -0.5144548733288465 -0.1000000000007692 -73.2971171652505
vertex -0.5220602131403546 -0.10147832982242751 -73.3458594315596
endloop
endfacet
facet normal 0.20442770829653656 0.9769460969942717 -0.06152751943874844
outer loop
vertex -0.5201116619052206 -0.09216633616060861 -73.1915276168974
vertex -0.4024652426283604 -0.0713188139424446 -72.4696214885459
vertex -0.5217508699959583 -0.1000000000007601 -73.32135841358935
endloop
endfacet
facet normal -0.20442770829653595 -0.9769460969942717 0.06152751943874844
outer loop
vertex -0.5217508699959583 -0.1000000000007601 -73.32135841358935
vertex -0.5220602131403546 -0.10147832982242751 -73.3458594315596
vertex -0.5144548733288465 -0.1000000000007692 -73.2971171652505
endloop
endfacet
facet normal -0.20442770829653595 -0.9769460969942717 0.06152751943874844
outer loop
vertex -0.5201116619052206 -0.09216633616060861 -73.1915276168974
vertex -0.5217508699959583 -0.1000000000007601 -73.32135841358935
vertex -0.4024652426283604 -0.0713188139424446 -72.4696214885459
endloop
endfacet
facet normal -0.20442770829653595 -0.9769460969942717 0.06152751943874844
outer loop
vertex -0.5201116619052206 -0.09216633616060861 -73.1915276168974
vertex -3.9860589455936934 -0.7063491854548112 -94.45939620117404
vertex -3.8227485525780245 -0.7430678084257443 -94.49981626094481
endloop
endfacet
facet normal -0.20442770829653595 -0.9769460969942717 0.06152751943874844
outer loop
vertex -0.5201116619052206 -0.09216633616060861 -73.1915276168974
vertex -3.8227485525780245 -0.7430678084257443 -94.49981626094481
vertex -0.5220602131403546 -0.10147832982242751 -73.3458594315596
endloop
endfacet
facet normal 0.17074407937717345 0.9836955133685078 -0.05647651136808554
outer loop
vertex -0.4928451751109765 -0.1 -73.23178508401632
vertex -3.739271060593643 -0.7587111022749999 -94.51991223409924
vertex -3.8227485525780245 -0.7430678084257443 -94.49981626094481
endloop
endfacet
facet normal 0.17074407937717345 0.9836955133685078 -0.05647651136808554
outer loop
vertex -0.4928451751109765 -0.1 -73.23178508401632
vertex -3.8227485525780245 -0.7430678084257443 -94.49981626094481
vertex -0.5144548733288465 -0.1000000000007692 -73.2971171652505
endloop
endfacet
facet normal -0.17074407937717268 -0.9836955133685079 0.05647651136808524
outer loop
vertex -3.8227485525780245 -0.7430678084257443 -94.49981626094481
vertex -3.739271060593643 -0.7587111022749999 -94.51991223409924
vertex -0.4928451751109765 -0.1 -73.23178508401632
endloop
endfacet
facet normal -0.17074407937717268 -0.9836955133685079 0.05647651136808524
outer loop
vertex -3.8227485525780245 -0.7430678084257443 -94.49981626094481
vertex -0.4928451751109765 -0.1 -73.23178508401632
vertex -0.5144548733288465 -0.1000000000007692 -73.2971171652505
endloop
endfacet
facet normal 0.1894182929148402 0.9801094270587455 -0.0592133540665061
outer loop
vertex -0.43391108460829525 -0.1 -73.04326013059165
vertex -3.5037528606571806 -0.807481759499213 -94.57377044863948
vertex -3.739271060593643 -0.7587111022749999 -94.51991223409924
endloop
endfacet
facet normal 0.1894182929148402 0.9801094270587455 -0.0592133540665061
outer loop
vertex -0.43391108460829525 -0.1 -73.04326013059165
vertex -3.739271060593643 -0.7587111022749999 -94.51991223409924
vertex -0.4928451751109765 -0.1 -73.23178508401632
endloop
endfacet
facet normal -0.18941829291484025 -0.9801094270587455 0.05921335406650604
outer loop
vertex -3.739271060593643 -0.7587111022749999 -94.51991223409924
vertex -3.5037528606571806 -0.807481759499213 -94.57377044863948
vertex -0.43391108460829525 -0.1 -73.04326013059165
endloop
endfacet
facet normal -0.18941829291484025 -0.9801094270587455 0.05921335406650604
outer loop
vertex -3.739271060593643 -0.7587111022749999 -94.51991223409924
vertex -0.43391108460829525 -0.1 -73.04326013059165
vertex -0.4928451751109765 -0.1 -73.23178508401632
endloop
endfacet
facet normal 0.5072614955970944 0.855917866884446 -0.1004508846779306
outer loop
vertex -0.43391108460829525 -0.1 -73.04326013059165
vertex -0.4314197986386247 -0.10000000000017834 -73.03067952016862
vertex -0.4308733127935825 -0.1004324140700848 -73.03160434727735
endloop
endfacet
facet normal 0.5072614955970944 0.855917866884446 -0.1004508846779306
outer loop
vertex -0.43391108460829525 -0.1 -73.04326013059165
vertex -0.4308733127935825 -0.1004324140700848 -73.03160434727735
vertex -0.44628438498109874 -0.12643598845456366 -73.33099810116568
endloop
endfacet
facet normal 0.5072614955970944 0.855917866884446 -0.1004508846779306
outer loop
vertex -0.43391108460829525 -0.1 -73.04326013059165
vertex -0.44628438498109874 -0.12643598845456366 -73.33099810116568
vertex -3.297602302119511 -0.9342374966053533 -94.61279707831856
endloop
endfacet
facet normal 0.5072614955970944 0.855917866884446 -0.1004508846779306
outer loop
vertex -0.43391108460829525 -0.1 -73.04326013059165
vertex -3.297602302119511 -0.9342374966053533 -94.61279707831856
vertex -3.5037528606571806 -0.807481759499213 -94.57377044863948
endloop
endfacet
facet normal 0.5072614955970944 0.855917866884446 -0.1004508846779306
outer loop
vertex -0.4308733127935825 -0.1004324140700848 -73.03160434727735
vertex 0 0 -70
vertex -0.44628438498109874 -0.12643598845456366 -73.33099810116568
endloop
endfacet
facet normal -0.5072614955970948 -0.8559178668844456 0.1004508846779307
outer loop
vertex -0.4308733127935825 -0.1004324140700848 -73.03160434727735
vertex -0.44628438498109874 -0.12643598845456366 -73.33099810116568
vertex 0 0 -70
endloop
endfacet
facet normal -0.5072614955970948 -0.8559178668844456 0.1004508846779307
outer loop
vertex -0.4308733127935825 -0.1004324140700848 -73.03160434727735
vertex -0.4314197986386247 -0.10000000000017834 -73.03067952016862
vertex -0.43391108460829525 -0.1 -73.04326013059165
endloop
endfacet
facet normal -0.5072614955970948 -0.8559178668844456 0.1004508846779307
outer loop
vertex -0.4308733127935825 -0.1004324140700848 -73.03160434727735
vertex -0.43391108460829525 -0.1 -73.04326013059165
vertex -3.5037528606571806 -0.807481759499213 -94.57377044863948
endloop
endfacet
facet normal -0.5072614955970948 -0.8559178668844456 0.1004508846779307
outer loop
vertex -0.4308733127935825 -0.1004324140700848 -73.03160434727735
vertex -3.5037528606571806 -0.807481759499213 -94.57377044863948
vertex -3.297602302119511 -0.9342374966053533 -94.61279707831856
endloop
endfacet
facet normal -0.5072614955970948 -0.8559178668844456 0.1004508846779307
outer loop
vertex -0.4308733127935825 -0.1004324140700848 -73.03160434727735
vertex -3.297602302119511 -0.9342374966053533 -94.61279707831856
vertex -0.44628438498109874 -0.12643598845456366 -73.33099810116568
endloop
endfacet
facet normal 0.2506735487824493 0.9655205863905918 -0.07023367566047466
outer loop
vertex 0 0 -70
vertex -3.06141695003406 -0.9988647312031231 -94.6582667912186
vertex -3.297602302119511 -0.9342374966053533 -94.61279707831856
endloop
endfacet
facet normal -0.2506735487824491 -0.9655205863905918 0.07023367566047466
outer loop
vertex -3.297602302119511 -0.9342374966053533 -94.61279707831856
vertex -3.06141695003406 -0.9988647312031231 -94.6582667912186
vertex 0 0 -70
endloop
endfacet
facet normal 0.5418153351995587 0.8343987655363952 -0.10106850455967852
outer loop
vertex 0 0 -70
vertex -2.8430673086158214 -1.1445557353273945 -94.69051432322199
vertex -3.06141695003406 -0.9988647312031231 -94.6582667912186
endloop
endfacet
facet normal -0.5418153351995588 -0.8343987655363951 0.10106850455967845
outer loop
vertex -3.06141695003406 -0.9988647312031231 -94.6582667912186
vertex -2.8430673086158214 -1.1445557353273945 -94.69051432322199
vertex 0 0 -70
endloop
endfacet
facet normal 0.8941788827742839 -0.44003085776824163 -0.0825649429980965
outer loop
vertex 0 0 -70
vertex -2.946583157501431 -1.3619960661398303 -94.65274079535905
vertex -2.8430673086158214 -1.1445557353273945 -94.69051432322199
endloop
endfacet
facet normal -0.8941788827742836 0.4400308577682425 0.08256494299809652
outer loop
vertex -2.8430673086158214 -1.1445557353273945 -94.69051432322199
vertex -2.946583157501431 -1.3619960661398303 -94.65274079535905
vertex 0 0 -70
endloop
endfacet
facet normal 0.5509655633569335 0.827039693580157 -0.11154502784802597
outer loop
vertex 0 0 -70
vertex -2.72433476544996 -1.5137244695704273 -94.67994238208482
vertex -2.946583157501431 -1.3619960661398303 -94.65274079535905
endloop
endfacet
facet normal -0.5509655633569336 -0.8270396935801569 0.11154502784802602
outer loop
vertex -2.946583157501431 -1.3619960661398303 -94.65274079535905
vertex -2.72433476544996 -1.5137244695704273 -94.67994238208482
vertex 0 0 -70
endloop
endfacet
facet normal 0.009862904754425566 0.9980086843830253 -0.062300794584565396
outer loop
vertex 0 0 -70
vertex -2.4815028318855994 -1.5186972864213277 -94.72115993296984
vertex -2.72433476544996 -1.5137244695704273 -94.67994238208482
endloop
endfacet
facet normal -0.009862904754425353 -0.9980086843830253 0.06230079458456547
outer loop
vertex -2.72433476544996 -1.5137244695704273 -94.67994238208482
vertex -2.4815028318855994 -1.5186972864213277 -94.72115993296984
vertex 0 0 -70
endloop
endfacet
facet normal 0.9228233950659928 -0.37892876275287785 -0.06935397809389066
outer loop
vertex 0 0 -70
vertex -2.569698327106187 -1.740541450897645 -94.68260023512025
vertex -2.4815028318855994 -1.5186972864213277 -94.72115993296984
endloop
endfacet
facet normal -0.9228233950659929 0.3789287627528776 0.06935397809389068
outer loop
vertex -2.4815028318855994 -1.5186972864213277 -94.72115993296984
vertex -2.569698327106187 -1.740541450897645 -94.68260023512025
vertex 0 0 -70
endloop
endfacet
facet normal 0.9638984443269779 -0.25316747732295597 -0.08249859059379508
outer loop
vertex 0 0 -70
vertex -2.6272237783667056 -1.9720219704285857 -94.64436144610424
vertex -2.569698327106187 -1.740541450897645 -94.68260023512025
endloop
endfacet
facet normal -0.9638984443269779 0.2531674773229556 0.08249859059379515
outer loop
vertex -2.569698327106187 -1.740541450897645 -94.68260023512025
vertex -2.6272237783667056 -1.9720219704285857 -94.64436144610424
vertex 0 0 -70
endloop
endfacet
facet normal 0.6335282260326638 -0.7736991185225904 -0.005626794582402572
outer loop
vertex 0 0 -70
vertex -2.867497365774571 -2.1692786261251036 -94.57377044863948
vertex -2.6272237783667056 -1.9720219704285857 -94.64436144610424
endloop
endfacet
facet normal -0.6335282260326633 0.7736991185225908 0.005626794582402601
outer loop
vertex -2.6272237783667056 -1.9720219704285857 -94.64436144610424
vertex -2.867497365774571 -2.1692786261251036 -94.57377044863948
vertex 0 0 -70
endloop
endfacet
facet normal -0.743314982077491 -0.6531711245616276 0.14439639697041556
outer loop
vertex 0 0 -70
vertex -3.031340739098911 -1.9814580486714342 -94.56759478426115
vertex -2.867497365774571 -2.1692786261251036 -94.57377044863948
endloop
endfacet
facet normal 0.7433149820774912 0.6531711245616274 -0.1443963969704156
outer loop
vertex -2.867497365774571 -2.1692786261251036 -94.57377044863948
vertex -3.031340739098911 -1.9814580486714342 -94.56759478426115
vertex 0 0 -70
endloop
endfacet
facet normal -0.35277772380187844 -0.9281873313793186 0.11838984524064787
outer loop
vertex 0 0 -70
vertex -3.2727124246555186 -1.8848789415248182 -94.52964431731527
vertex -3.031340739098911 -1.9814580486714342 -94.56759478426115
endloop
endfacet
facet normal 0.352777723801878 0.9281873313793187 -0.11838984524064795
outer loop
vertex -3.031340739098911 -1.9814580486714342 -94.56759478426115
vertex -3.2727124246555186 -1.8848789415248182 -94.52964431731527
vertex 0 0 -70
endloop
endfacet
facet normal 0.30017307797998594 -0.9533066681735753 0.03320421165782795
outer loop
vertex -0.17891061582748868 -0.10017955038090662 -71.25880667149231
vertex -0.1781478224058759 -0.10260207294740706 -71.33525411110726
vertex 0 0 -70
endloop
endfacet
facet normal 0.30017307797998594 -0.9533066681735753 0.03320421165782795
outer loop
vertex -0.17896715187445345 -0.0999999999997516 -71.25314060789768
vertex -0.17891061582748868 -0.10017955038090662 -71.25880667149231
vertex -0.17871286494668345 -0.09999999999991491 -71.2554394153725
endloop
endfacet
facet normal 0.30017307797998594 -0.9533066681735753 0.03320421165782795
outer loop
vertex -0.17896715187445345 -0.0999999999997516 -71.25314060789768
vertex -0.1796861495782593 -0.0999999999996726 -71.24664071697688
vertex -3.5259841008134556 -1.962301551394593 -94.4628501297562
endloop
endfacet
facet normal 0.30017307797998594 -0.9533066681735753 0.03320421165782795
outer loop
vertex -0.17896715187445345 -0.0999999999997516 -71.25314060789768
vertex -3.5259841008134556 -1.962301551394593 -94.4628501297562
vertex -3.2727124246555186 -1.8848789415248182 -94.52964431731527
endloop
endfacet
facet normal 0.30017307797998594 -0.9533066681735753 0.03320421165782795
outer loop
vertex -0.17896715187445345 -0.0999999999997516 -71.25314060789768
vertex -3.2727124246555186 -1.8848789415248182 -94.52964431731527
vertex -0.1781478224058759 -0.10260207294740706 -71.33525411110726
endloop
endfacet
facet normal -0.30017307797998505 0.9533066681735757 -0.03320421165782797
outer loop
vertex -0.1796861495782593 -0.0999999999996726 -71.24664071697688
vertex -0.17896715187445345 -0.0999999999997516 -71.25314060789768
vertex -0.1781478224058759 -0.10260207294740706 -71.33525411110726
endloop
endfacet
facet normal -0.30017307797998505 0.9533066681735757 -0.03320421165782797
outer loop
vertex -0.1796861495782593 -0.0999999999996726 -71.24664071697688
vertex -0.1781478224058759 -0.10260207294740706 -71.33525411110726
vertex -3.2727124246555186 -1.8848789415248182 -94.52964431731527
endloop
endfacet
facet normal -0.30017307797998505 0.9533066681735757 -0.03320421165782797
outer loop
vertex -0.1796861495782593 -0.0999999999996726 -71.24664071697688
vertex -3.2727124246555186 -1.8848789415248182 -94.52964431731527
vertex -3.5259841008134556 -1.962301551394593 -94.4628501297562
endloop
endfacet
facet normal -0.30017307797998505 0.9533066681735757 -0.03320421165782797
outer loop
vertex -0.17896715187445345 -0.0999999999997516 -71.25314060789768
vertex -0.17871286494668345 -0.09999999999991491 -71.2554394153725
vertex -0.17891061582748868 -0.10017955038090662 -71.25880667149231
endloop
endfacet
facet normal -0.30017307797998505 0.9533066681735757 -0.03320421165782797
outer loop
vertex -0.17891061582748868 -0.10017955038090662 -71.25880667149231
vertex 0 0 -70
vertex -0.1781478224058759 -0.10260207294740706 -71.33525411110726
endloop
endfacet
facet normal -0.41194867889844416 -0.901638956281028 0.13170223411273277
outer loop
vertex -0.20132693435239502 -0.1 -71.31433047759143
vertex -3.741262683567814 -1.8583021172016907 -94.42423109210854
vertex -3.5259841008134556 -1.962301551394593 -94.4628501297562
endloop
endfacet
facet normal -0.41194867889844416 -0.901638956281028 0.13170223411273277
outer loop
vertex -0.20132693435239502 -0.1 -71.31433047759143
vertex -3.5259841008134556 -1.962301551394593 -94.4628501297562
vertex -0.1796861495782593 -0.0999999999996726 -71.24664071697688
endloop
endfacet
facet normal 0.41194867889844394 0.9016389562810282 -0.13170223411273277
outer loop
vertex -3.5259841008134556 -1.962301551394593 -94.4628501297562
vertex -3.741262683567814 -1.8583021172016907 -94.42423109210854
vertex -0.20132693435239502 -0.1 -71.31433047759143
endloop
endfacet
facet normal 0.41194867889844394 0.9016389562810282 -0.13170223411273277
outer loop
vertex -3.5259841008134556 -1.962301551394593 -94.4628501297562
vertex -0.20132693435239502 -0.1 -71.31433047759143
vertex -0.1796861495782593 -0.0999999999996726 -71.24664071697688
endloop
endfacet
facet normal 0.48394930401051856 -0.8750634491510898 -0.007551894300962399
outer loop
vertex -0.19978165962119895 -0.1 -71.21530437885855
vertex -4.001070988515024 -2.002721869515628 -94.33916657658112
vertex -3.741262683567814 -1.8583021172016907 -94.42423109210854
endloop
endfacet
facet normal 0.48394930401051856 -0.8750634491510898 -0.007551894300962399
outer loop
vertex -0.19978165962119895 -0.1 -71.21530437885855
vertex -3.741262683567814 -1.8583021172016907 -94.42423109210854
vertex -0.20132693435239502 -0.1 -71.31433047759143
endloop
endfacet
facet normal -0.48394930401051794 0.8750634491510901 0.00755189430096234
outer loop
vertex -3.741262683567814 -1.8583021172016907 -94.42423109210854
vertex -4.001070988515024 -2.002721869515628 -94.33916657658112
vertex -0.19978165962119895 -0.1 -71.21530437885855
endloop
endfacet
facet normal -0.48394930401051794 0.8750634491510901 0.00755189430096234
outer loop
vertex -3.741262683567814 -1.8583021172016907 -94.42423109210854
vertex -0.19978165962119895 -0.1 -71.21530437885855
vertex -0.20132693435239502 -0.1 -71.31433047759143
endloop
endfacet
facet normal 0.540730397041269 -0.8409654408067212 -0.019691751683096784
outer loop
vertex -0.19658121148132363 -0.1 -71.12742090250583
vertex -4.229433780049177 -2.151494411993182 -94.25639771705622
vertex -4.001070988515024 -2.002721869515628 -94.33916657658112
endloop
endfacet
facet normal 0.540730397041269 -0.8409654408067212 -0.019691751683096784
outer loop
vertex -0.19658121148132363 -0.1 -71.12742090250583
vertex -4.001070988515024 -2.002721869515628 -94.33916657658112
vertex -0.19978165962119895 -0.1 -71.21530437885855
endloop
endfacet
facet normal -0.5407303970412695 0.8409654408067209 0.01969175168309674
outer loop
vertex -4.001070988515024 -2.002721869515628 -94.33916657658112
vertex -4.229433780049177 -2.151494411993182 -94.25639771705622
vertex -0.19658121148132363 -0.1 -71.12742090250583
endloop
endfacet
facet normal -0.5407303970412695 0.8409654408067209 0.01969175168309674
outer loop
vertex -4.001070988515024 -2.002721869515628 -94.33916657658112
vertex -0.19658121148132363 -0.1 -71.12742090250583
vertex -0.19978165962119895 -0.1 -71.21530437885855
endloop
endfacet
facet normal 0.5599022136616316 -0.8282061936376174 -0.024166339339956867
outer loop
vertex -0.19346167685410534 -0.1 -71.05514539901303
vertex -4.432928822936865 -2.2913731003581943 -94.17731784265156
vertex -4.229433780049177 -2.151494411993182 -94.25639771705622
endloop
endfacet
facet normal 0.5599022136616316 -0.8282061936376174 -0.024166339339956867
outer loop
vertex -0.19346167685410534 -0.1 -71.05514539901303
vertex -4.229433780049177 -2.151494411993182 -94.25639771705622
vertex -0.19658121148132363 -0.1 -71.12742090250583
endloop
endfacet
facet normal -0.5599022136616318 0.8282061936376173 0.024166339339957082
outer loop
vertex -4.229433780049177 -2.151494411993182 -94.25639771705622
vertex -4.432928822936865 -2.2913731003581943 -94.17731784265156
vertex -0.19346167685410534 -0.1 -71.05514539901303
endloop
endfacet
facet normal -0.5599022136616318 0.8282061936376173 0.024166339339957082
outer loop
vertex -4.229433780049177 -2.151494411993182 -94.25639771705622
vertex -0.19346167685410534 -0.1 -71.05514539901303
vertex -0.19658121148132363 -0.1 -71.12742090250583
endloop
endfacet
facet normal 0.4031638635192892 -0.915038266866632 0.01280114533587177
outer loop
vertex -0.19509390004561145 -0.09999999999999999 -71.00373957627235
vertex -4.681387137719527 -2.3995558736716296 -94.08529195880998
vertex -4.432928822936865 -2.2913731003581943 -94.17731784265156
endloop
endfacet
facet normal 0.4031638635192892 -0.915038266866632 0.01280114533587177
outer loop
vertex -0.19509390004561145 -0.09999999999999999 -71.00373957627235
vertex -4.432928822936865 -2.2913731003581943 -94.17731784265156
vertex -0.19346167685410534 -0.1 -71.05514539901303
endloop
endfacet
facet normal -0.4031638635192887 0.9150382668666324 -0.012801145335871636
outer loop
vertex -4.432928822936865 -2.2913731003581943 -94.17731784265156
vertex -4.681387137719527 -2.3995558736716296 -94.08529195880998
vertex -0.19509390004561145 -0.09999999999999999 -71.00373957627235
endloop
endfacet
facet normal -0.4031638635192887 0.9150382668666324 -0.012801145335871636
outer loop
vertex -4.432928822936865 -2.2913731003581943 -94.17731784265156
vertex -0.19509390004561145 -0.09999999999999999 -71.00373957627235
vertex -0.19346167685410534 -0.1 -71.05514539901303
endloop
endfacet
facet normal -0.21190376167748248 -0.9675576876578679 0.1375824001865518
outer loop
vertex -0.19773933372996266 -0.0999999999999765 -71.00781406071368
vertex -0.19807385853142723 -0.10152744831333921 -71.01907117950067
vertex -0.19509390004561145 -0.09999999999999999 -71.00373957627235
endloop
endfacet
facet normal -0.21190376167748248 -0.9675576876578679 0.1375824001865518
outer loop
vertex -0.1963224357040083 -0.09353040943307528 -70.96013392065419
vertex -0.19773933372996266 -0.0999999999999765 -71.00781406071368
vertex -0.17962565559167204 -0.08557585918254568 -70.87847669745388
endloop
endfacet
facet normal -0.21190376167748248 -0.9675576876578679 0.1375824001865518
outer loop
vertex -0.1963224357040083 -0.09353040943307528 -70.96013392065419
vertex -4.911722020226325 -2.340004441806983 -94.02125311626182
vertex -4.681387137719527 -2.3995558736716296 -94.08529195880998
endloop
endfacet
facet normal -0.21190376167748248 -0.9675576876578679 0.1375824001865518
outer loop
vertex -0.1963224357040083 -0.09353040943307528 -70.96013392065419
vertex -4.681387137719527 -2.3995558736716296 -94.08529195880998
vertex -0.19807385853142723 -0.10152744831333921 -71.01907117950067
endloop
endfacet
facet normal 0.21190376167748176 0.9675576876578681 -0.13758240018655146
outer loop
vertex -0.1963224357040083 -0.09353040943307528 -70.96013392065419
vertex -0.19807385853142723 -0.10152744831333921 -71.01907117950067
vertex -4.681387137719527 -2.3995558736716296 -94.08529195880998
endloop
endfacet
facet normal 0.21190376167748176 0.9675576876578681 -0.13758240018655146
outer loop
vertex -0.1963224357040083 -0.09353040943307528 -70.96013392065419
vertex -4.681387137719527 -2.3995558736716296 -94.08529195880998
vertex -4.911722020226325 -2.340004441806983 -94.02125311626182
endloop
endfacet
facet normal 0.21190376167748176 0.9675576876578681 -0.13758240018655146
outer loop
vertex -0.19773933372996266 -0.0999999999999765 -71.00781406071368
vertex -0.19509390004561145 -0.09999999999999999 -71.00373957627235
vertex -0.19807385853142723 -0.10152744831333921 -71.01907117950067
endloop
endfacet
facet normal 0.21190376167748176 0.9675576876578681 -0.13758240018655146
outer loop
vertex -0.1963224357040083 -0.09353040943307528 -70.96013392065419
vertex -0.17962565559167204 -0.08557585918254568 -70.87847669745388
vertex -0.19773933372996266 -0.0999999999999765 -71.00781406071368
endloop
endfacet
facet normal 0.15030559593333156 -0.9864765135433345 0.06536295631711896
outer loop
vertex -5.152724622607337 -2.371058595733243 -93.93573302061283
vertex -4.911722020226325 -2.340004441806983 -94.02125311626182
vertex -0.17962565559167204 -0.08557585918254568 -70.87847669745388
endloop
endfacet
facet normal 0.15030559593333156 -0.9864765135433345 0.06536295631711896
outer loop
vertex -5.152724622607337 -2.371058595733243 -93.93573302061283
vertex -0.17962565559167204 -0.08557585918254568 -70.87847669745388
vertex -0.161963029440415 -0.07452830517291875 -70.75235998735245
endloop
endfacet
facet normal -0.15030559593333195 0.9864765135433343 -0.06536295631711897
outer loop
vertex -0.161963029440415 -0.07452830517291875 -70.75235998735245
vertex -0.17962565559167204 -0.08557585918254568 -70.87847669745388
vertex -4.911722020226325 -2.340004441806983 -94.02125311626182
endloop
endfacet
facet normal -0.15030559593333195 0.9864765135433343 -0.06536295631711897
outer loop
vertex -0.161963029440415 -0.07452830517291875 -70.75235998735245
vertex -4.911722020226325 -2.340004441806983 -94.02125311626182
vertex -5.152724622607337 -2.371058595733243 -93.93573302061283
endloop
endfacet
facet normal -0.18628715389582448 -0.972969225080644 0.13648437031163857
outer loop
vertex -5.403821581300734 -2.3119011760601365 -93.85673341819967
vertex -5.152724622607337 -2.371058595733243 -93.93573302061283
vertex -0.161963029440415 -0.07452830517291875 -70.75235998735245
endloop
endfacet
facet normal -0.18628715389582448 -0.972969225080644 0.13648437031163857
outer loop
vertex -5.403821581300734 -2.3119011760601365 -93.85673341819967
vertex -0.161963029440415 -0.07452830517291875 -70.75235998735245
vertex -0.14826756181700315 -0.06343287715539139 -70.65457003781816
endloop
endfacet
facet normal 0.18628715389582431 0.972969225080644 -0.13648437031163851
outer loop
vertex -0.14826756181700315 -0.06343287715539139 -70.65457003781816
vertex -0.161963029440415 -0.07452830517291875 -70.75235998735245
vertex -5.152724622607337 -2.371058595733243 -93.93573302061283
endloop
endfacet
facet normal 0.18628715389582431 0.972969225080644 -0.13648437031163851
outer loop
vertex -0.14826756181700315 -0.06343287715539139 -70.65457003781816
vertex -5.152724622607337 -2.371058595733243 -93.93573302061283
vertex -5.403821581300734 -2.3119011760601365 -93.85673341819967
endloop
endfacet
facet normal 0.8055388615537603 0.5438771909794201 -0.23516960615480703
outer loop
vertex -0.14826756181700315 -0.06343287715539139 -70.65457003781816
vertex -0.15498841500098492 -0.07422878399958699 -70.70255904496717
vertex -5.266243687414856 -2.522168286964037 -93.8717657417885
endloop
endfacet
facet normal 0.8055388615537603 0.5438771909794201 -0.23516960615480703
outer loop
vertex -0.14826756181700315 -0.06343287715539139 -70.65457003781816
vertex -5.266243687414856 -2.522168286964037 -93.8717657417885
vertex -5.403821581300734 -2.3119011760601365 -93.85673341819967
endloop
endfacet
